GENERATION : 2

POPULATION ARRAY : 
[[0.016307981472373258, 0.0030021156345732374, -2.5847086771511874e-06, 0.07950860832601615, -0.7830747228947925, 0.0, -2.7328760801102547e-05, 0.0, 0.0, 0.0, 0.0], [0.01355856891258608, 0.001136530642118993, 4.4421565739393014e-06, 0.07691598795667136, -0.7838320546861741, 0.0, -3.438835998409932e-05, 0.0, 0.0, 0.0, 0.0], [0.013016246631645651, 0.0003050530310712928, 3.866310323809442e-06, 0.07432870953298341, -0.7837755011980708, 0.0, -3.209253274750442e-05, 0.0, 0.0, 0.0, 0.0], [0.013287438227046927, -0.00044691995228115665, -2.379721629881549e-05, 0.05529762670858671, -0.7829175813266334, 0.0, -1.73687513807748e-05, 0.0, 0.0, 0.0, 0.0], [-0.0036713924954224417, -0.0012687010003726482, -1.3852884982307894e-05, -0.005283672574726471, -0.7820353104775084, 0.0, 3.855169074992219e-05, 0.0, 0.0, 0.0, 0.0], [0.012704211451697318, 9.683630199946055e-05, -1.4492093581646179e-05, -0.22576310161703086, -0.7838419304502882, 0.0, 1.8687175429183542e-05, 0.0, 0.0, 0.0, 0.0], [0.013287438227046927, -0.00044691995228115665, -2.379721629881549e-05, 0.05529762670858671, 1.9563209751757762, 0.0, -1.73687513807748e-05, 0.0, 0.0, 0.0, 0.0], [0.015382214772259147, -0.0015889001057584613, -5.172998701513215e-06, 0.06278070657971405, 3.372931972582719, 0.0, 0.00012134453938874645, 0.0, 0.0, 0.0, 0.0], [-0.0015232159362617275, -0.0011646059237036114, -1.5112534293055828e-05, 0.002390165862229377, -0.7821470678025231, 0.0, 3.1468243492918446e-05, -0.028491765005418945, 0.0, 0.0, 0.0], [-0.007866896029810678, -0.00023032589009476667, -1.7275972178058345e-05, 0.05825471845309378, -0.7830426685888472, 0.0, -6.898189266065542e-05, 0.01630816667436849, 0.0, 0.009039641653523854, 0.0]]

FITNESS ARRAY OF POPULATION : 
[424410731339.26685, 425173264115.19244, 425226929066.0966, 425236238266.57776, 426885730764.848, 437700880922.8893, 70575527467435.98, 163772730810434.78, 8.572057068869042e+19, 4.604515342258371e+25]
test error of parent : 
[297613273500.9022, 298002749959.32434, 298060960541.379, 298309718490.8384, 299859412986.54767, 307678728019.24884, 24316954694190.613, 56457487565189.61, 2.90177978950863e+19, 1.5784480093083885e+25]
validation error of parent : 
[126797457838.36462, 127170514155.86812, 127165968524.71758, 126926519775.73941, 127026317778.30032, 130022152903.64043, 46258572773245.375, 107315243245245.17, 5.670277279360413e+19, 3.0260673329499823e+25]

CHILD ARRAY : 

Mating pool
parent 1 : [0.01355856891258608, 0.001136530642118993, 4.4421565739393014e-06, 0.07691598795667136, -0.7838320546861741, 0.0, -3.438835998409932e-05, 0.0, 0.0, 0.0, 0.0]
parent 2 : [0.01355856891258608, 0.001136530642118993, 4.4421565739393014e-06, 0.07691598795667136, -0.7838320546861741, 0.0, -3.438835998409932e-05, 0.0, 0.0, 0.0, 0.0]
child 1 : [0.01355856891258608, 0.001136530642118993, 4.4421565739393014e-06, 0.07691598795667136, -0.7838320546861741, 0.0, -3.438835998409932e-05, 0.0, 0.0, 0.0, 0.0]
child 2 : [0.01355856891258608, 0.001136530642118993, 4.4421565739393014e-06, 0.07691598795667136, -0.7838320546861741, 0.0, -3.438835998409932e-05, 0.0, 0.0, 0.0, 0.0]

child1 before mutation
[0.01355856891258608, 0.001136530642118993, 4.4421565739393014e-06, 0.07691598795667136, -0.7838320546861741, 0.0, -3.438835998409932e-05, 0.0, 0.0, 0.0, 0.0]
child vector after mutation
[0.01355856891258608, 0.004204223877899251, 4.4421565739393014e-06, 0.07691598795667136, 3.54103696975991, -0.027046926178861664, -3.438835998409932e-05, -0.02572528580879421, 0.0, 0.0, 0.0]

child2 before mutation
[0.01355856891258608, 0.001136530642118993, 4.4421565739393014e-06, 0.07691598795667136, -0.7838320546861741, 0.0, -3.438835998409932e-05, 0.0, 0.0, 0.0, 0.0]
child vector after mutation
[0.01355856891258608, 0.001136530642118993, 4.4421565739393014e-06, 0.07691598795667136, -0.7838320546861741, 0.0, -3.438835998409932e-05, 0.0, 0.0, 0.0, 0.0]


Mating pool
parent 1 : [0.016307981472373258, 0.0030021156345732374, -2.5847086771511874e-06, 0.07950860832601615, -0.7830747228947925, 0.0, -2.7328760801102547e-05, 0.0, 0.0, 0.0, 0.0]
parent 2 : [0.013016246631645651, 0.0003050530310712928, 3.866310323809442e-06, 0.07432870953298341, -0.7837755011980708, 0.0, -3.209253274750442e-05, 0.0, 0.0, 0.0, 0.0]
child 1 : [0.01534822933865449, 0.0022157486537164443, -7.038222903656323e-07, 0.07799833512370635, -0.783279044781086, 0.0, -2.871770629985305e-05, 0.0, 0.0, 0.0, 0.0]
child 2 : [0.013975998765364418, 0.0010914200119280858, 1.9854239370238867e-06, 0.07583898273529321, -0.7835711793117774, 0.0, -3.070358724875392e-05, 0.0, 0.0, 0.0, 0.0]

child1 before mutation
[0.01534822933865449, 0.0022157486537164443, -7.038222903656323e-07, 0.07799833512370635, -0.783279044781086, 0.0, -2.871770629985305e-05, 0.0, 0.0, 0.0, 0.0]
child vector after mutation
[0.01534822933865449, 0.0022157486537164443, -7.038222903656323e-07, 0.07799833512370635, -0.783279044781086, -0.04976954779864719, -2.871770629985305e-05, 0.0, 0.0, -0.01950218530355953, 0.0]

child2 before mutation
[0.013975998765364418, 0.0010914200119280858, 1.9854239370238867e-06, 0.07583898273529321, -0.7835711793117774, 0.0, -3.070358724875392e-05, 0.0, 0.0, 0.0, 0.0]
child vector after mutation
[0.013975998765364418, -0.001329171196424373, -7.582538947709678e-06, 0.07583898273529321, -0.7835711793117774, 0.023084806586315315, 0.00014615057561240442, 0.02815563282134957, 0.0, 0.0, 0.0]


Mating pool
parent 1 : [-0.0036713924954224417, -0.0012687010003726482, -1.3852884982307894e-05, -0.005283672574726471, -0.7820353104775084, 0.0, 3.855169074992219e-05, 0.0, 0.0, 0.0, 0.0]
parent 2 : [0.016307981472373258, 0.0030021156345732374, -2.5847086771511874e-06, 0.07950860832601615, -0.7830747228947925, 0.0, -2.7328760801102547e-05, 0.0, 0.0, 0.0, 0.0]
child 1 : [-0.007136798572518071, -0.0020094706533536947, -1.580734094817634e-05, -0.019990824360256218, -0.7818550252436832, 0.0, 4.997860119940478e-05, 0.0, 0.0, 0.0, 0.0]
child 2 : [0.019773387549468887, 0.003742885287554284, -6.302527112827419e-07, 0.09421576011154591, -0.7832550081286177, 0.0, -3.875567125058515e-05, 0.0, 0.0, 0.0, 0.0]

child1 before mutation
[-0.007136798572518071, -0.0020094706533536947, -1.580734094817634e-05, -0.019990824360256218, -0.7818550252436832, 0.0, 4.997860119940478e-05, 0.0, 0.0, 0.0, 0.0]
child vector after mutation
[0.03315262681763732, -0.0020094706533536947, -1.580734094817634e-05, -0.019990824360256218, -0.7818550252436832, -0.02472330255354227, 4.997860119940478e-05, 0.0, 0.0, -0.0169637441952612, -0.0034706054641006484]

child2 before mutation
[0.019773387549468887, 0.003742885287554284, -6.302527112827419e-07, 0.09421576011154591, -0.7832550081286177, 0.0, -3.875567125058515e-05, 0.0, 0.0, 0.0, 0.0]
child vector after mutation
[0.019773387549468887, -0.00719943767895455, -6.302527112827419e-07, 0.03473252338212666, -0.7832550081286177, 0.0, -3.875567125058515e-05, 0.0, 0.0, 0.0, 0.0]


Mating pool
parent 1 : [0.01355856891258608, 0.001136530642118993, 4.4421565739393014e-06, 0.07691598795667136, -0.7838320546861741, 0.0, -3.438835998409932e-05, 0.0, 0.0, 0.0, 0.0]
parent 2 : [0.013287438227046927, -0.00044691995228115665, -2.379721629881549e-05, 0.05529762670858671, -0.7829175813266334, 0.0, -1.73687513807748e-05, 0.0, 0.0, 0.0, 0.0]
child 1 : [0.013509869450045484, 0.0008521172687174142, -6.300921781777862e-07, 0.0730329801307714, -0.7836678004593655, 0.0, -3.1331362617737035e-05, 0.0, 0.0, 0.0, 0.0]
child 2 : [0.01333613768958752, -0.00016250657887957799, -1.87249675466984e-05, 0.059180634534486666, -0.7830818355534419, 0.0, -2.0425748747137088e-05, 0.0, 0.0, 0.0, 0.0]

child1 before mutation
[0.013509869450045484, 0.0008521172687174142, -6.300921781777862e-07, 0.0730329801307714, -0.7836678004593655, 0.0, -3.1331362617737035e-05, 0.0, 0.0, 0.0, 0.0]
child vector after mutation
[0.06039504729588431, 0.0008521172687174142, -6.300921781777862e-07, 0.0730329801307714, -0.7836678004593655, 0.0, -0.00011157357809747028, 0.0, 0.0, -0.0486033021564343, 0.0]

child2 before mutation
[0.01333613768958752, -0.00016250657887957799, -1.87249675466984e-05, 0.059180634534486666, -0.7830818355534419, 0.0, -2.0425748747137088e-05, 0.0, 0.0, 0.0, 0.0]
child vector after mutation
[0.01333613768958752, -0.00016250657887957799, -1.87249675466984e-05, 0.08324740009882474, -0.7830818355534419, 0.0, -3.479211964097095e-05, 0.0, 0.0, 0.03754508686406491, 0.015293134548750947]


Mating pool
parent 1 : [0.013287438227046927, -0.00044691995228115665, -2.379721629881549e-05, 0.05529762670858671, -0.7829175813266334, 0.0, -1.73687513807748e-05, 0.0, 0.0, 0.0, 0.0]
parent 2 : [-0.0036713924954224417, -0.0012687010003726482, -1.3852884982307894e-05, -0.005283672574726471, -0.7820353104775084, 0.0, 3.855169074992219e-05, 0.0, 0.0, 0.0, 0.0]
child 1 : [0.00863953776396382, -0.0006721451801570795, -2.107177709328061e-05, 0.03869413242286231, -0.7826757776813631, 0.0, -2.0426564908298817e-06, 0.0, 0.0, 0.0, 0.0]
child 2 : [0.0009765079676606662, -0.0010434757724967253, -1.657832418784278e-05, 0.011319821710997937, -0.7822771141227784, 0.0, 2.3225595859977274e-05, 0.0, 0.0, 0.0, 0.0]

child1 before mutation
[0.00863953776396382, -0.0006721451801570795, -2.107177709328061e-05, 0.03869413242286231, -0.7826757776813631, 0.0, -2.0426564908298817e-06, 0.0, 0.0, 0.0, 0.0]
child vector after mutation
[0.0012730127606212019, -0.0006721451801570795, 7.421723358711203e-05, -0.026108672357409362, 1.0309965172328206, 0.0, -6.200430215553004e-07, 0.0, 0.0, 0.0, 0.0]

child2 before mutation
[0.0009765079676606662, -0.0010434757724967253, -1.657832418784278e-05, 0.011319821710997937, -0.7822771141227784, 0.0, 2.3225595859977274e-05, 0.0, 0.0, 0.0, 0.0]
child vector after mutation
[0.0009765079676606662, -0.0010434757724967253, -1.657832418784278e-05, 0.011319821710997937, -0.7822771141227784, 0.0, 2.3225595859977274e-05, 0.0, -0.0452344718726016, 0.031650984257200906, 0.0]


CHILD ARRAY OBTAINED
[[0.01355856891258608, 0.004204223877899251, 4.4421565739393014e-06, 0.07691598795667136, 3.54103696975991, -0.027046926178861664, -3.438835998409932e-05, -0.02572528580879421, 0.0, 0.0, 0.0], [0.01355856891258608, 0.001136530642118993, 4.4421565739393014e-06, 0.07691598795667136, -0.7838320546861741, 0.0, -3.438835998409932e-05, 0.0, 0.0, 0.0, 0.0], [0.01534822933865449, 0.0022157486537164443, -7.038222903656323e-07, 0.07799833512370635, -0.783279044781086, -0.04976954779864719, -2.871770629985305e-05, 0.0, 0.0, -0.01950218530355953, 0.0], [0.013975998765364418, -0.001329171196424373, -7.582538947709678e-06, 0.07583898273529321, -0.7835711793117774, 0.023084806586315315, 0.00014615057561240442, 0.02815563282134957, 0.0, 0.0, 0.0], [0.03315262681763732, -0.0020094706533536947, -1.580734094817634e-05, -0.019990824360256218, -0.7818550252436832, -0.02472330255354227, 4.997860119940478e-05, 0.0, 0.0, -0.0169637441952612, -0.0034706054641006484], [0.019773387549468887, -0.00719943767895455, -6.302527112827419e-07, 0.03473252338212666, -0.7832550081286177, 0.0, -3.875567125058515e-05, 0.0, 0.0, 0.0, 0.0], [0.06039504729588431, 0.0008521172687174142, -6.300921781777862e-07, 0.0730329801307714, -0.7836678004593655, 0.0, -0.00011157357809747028, 0.0, 0.0, -0.0486033021564343, 0.0], [0.01333613768958752, -0.00016250657887957799, -1.87249675466984e-05, 0.08324740009882474, -0.7830818355534419, 0.0, -3.479211964097095e-05, 0.0, 0.0, 0.03754508686406491, 0.015293134548750947], [0.0012730127606212019, -0.0006721451801570795, 7.421723358711203e-05, -0.026108672357409362, 1.0309965172328206, 0.0, -6.200430215553004e-07, 0.0, 0.0, 0.0, 0.0], [0.0009765079676606662, -0.0010434757724967253, -1.657832418784278e-05, 0.011319821710997937, -0.7822771141227784, 0.0, 2.3225595859977274e-05, 0.0, -0.0452344718726016, 0.031650984257200906, 0.0]]

FITNESS ARRAY OF CHILD 
[5.41113036338942e+38, 425173264115.19244, 1.8322292654416555e+39, 3.941891317444989e+38, 4.5213712863654894e+38, 426353626257.03046, 1.329038111099788e+27, 3.387451242568351e+29, 30602641898124.37, 5.310170829980971e+26]
test error of child : 
[2.6819552683442233e+38, 298002749959.32434, 9.081201444712351e+38, 1.9537463479537085e+38, 2.2409541154323316e+38, 299094632174.2477, 4.5560535233771026e+26, 1.169638722433501e+29, 10570422268548.082, 1.8230182847634156e+26]
validation error of child : 
[2.7291750950451965e+38, 127170514155.86812, 9.241091209704203e+38, 1.9881449694912804e+38, 2.2804171709331574e+38, 127258994082.78279, 8.734327587620777e+26, 2.21781252013485e+29, 20032219629576.29, 3.487152545217556e+26]


