GENERATION : 6

POPULATION ARRAY : 
[[0.016307981472373258, 0.0030021156345732374, -2.5847086771511874e-06, 0.07950860832601615, -0.7830747228947925, 0.0, -2.7328760801102547e-05, 0.0, 0.0, 0.0, 0.0], [0.01355856891258608, 0.001136530642118993, 4.4421565739393014e-06, 0.07691598795667136, -0.7838320546861741, 0.0, -3.438835998409932e-05, 0.0, 0.0, 0.0, 0.0], [0.01355856891258608, 0.001136530642118993, 4.4421565739393014e-06, 0.07691598795667136, -0.7838320546861741, 0.0, -3.438835998409932e-05, 0.0, 0.0, 0.0, 0.0], [0.013016246631645651, 0.0003050530310712928, 3.866310323809442e-06, 0.07432870953298341, -0.7837755011980708, 0.0, -3.209253274750442e-05, 0.0, 0.0, 0.0, 0.0], [0.013287438227046927, -0.00044691995228115665, -2.379721629881549e-05, 0.05529762670858671, -0.7829175813266334, 0.0, -1.73687513807748e-05, 0.0, 0.0, 0.0, 0.0], [-0.044981345834984046, 0.00015391125966536209, -4.434728973053115e-06, 0.07385840721951066, -2.1419621785160325, 0.0, -3.1675208948558465e-05, 0.0, -0.0019505660937736424, 0.0, 0.0], [0.013344210987946158, -0.00011535710533573358, -6.998343967457021e-05, 0.15917013246760897, -0.7831090652868007, 0.0, -2.0932531584825202e-05, -0.011347136359727672, 0.0, -5.71351899309111e-05, 0.0], [0.013657149498671807, 0.0012876724135249236, 4.54683097664802e-06, 0.018133646686868114, -0.7838423346916218, 0.0, -3.4805683783045285e-05, 0.0, -0.004918511048974519, 0.017657422310508403, 0.0], [0.01296785545420884, 0.00043923439466131897, 8.802564426163309e-06, 0.07772459834881258, -1.477033740340932, 0.0, -3.4719830675391825e-05, 0.0, 0.0, 0.03092992567874253, 0.0], [0.018290818633628293, -0.0017728144649456895, 3.163129956485607e-05, 0.05190173789275755, -0.7827644948983321, 0.0, -1.4741453452887394e-05, -0.03279336953519855, 0.03471552394058308, 0.0, -0.005477076159041673]]

FITNESS ARRAY OF POPULATION : 
[424410731339.26685, 425173264115.19244, 425173264115.19244, 425226929066.0966, 425236238266.57776, 9.235937700850872e+20, 2.1648903429927307e+21, 1.734109960693316e+26, 5.382245948556265e+26, 3.916177931807513e+28]
test error of parent : 
[297613273500.9022, 298002749959.32434, 298002749959.32434, 298060960541.379, 298309718490.8384, 3.142824680075621e+20, 7.412966729698082e+20, 5.946285389634224e+25, 1.8450787641801087e+26, 1.354259319494364e+28]
validation error of parent : 
[126797457838.36462, 127170514155.86812, 127170514155.86812, 127165968524.71758, 126926519775.73941, 6.09311302077525e+20, 1.4235936700229225e+21, 1.1394814217298938e+26, 3.537167184376156e+26, 2.5619186123131486e+28]

CHILD ARRAY : 

Mating pool
parent 1 : [0.01355856891258608, 0.001136530642118993, 4.4421565739393014e-06, 0.07691598795667136, -0.7838320546861741, 0.0, -3.438835998409932e-05, 0.0, 0.0, 0.0, 0.0]
parent 2 : [0.013016246631645651, 0.0003050530310712928, 3.866310323809442e-06, 0.07432870953298341, -0.7837755011980708, 0.0, -3.209253274750442e-05, 0.0, 0.0, 0.0, 0.0]
child 1 : [0.01361725471064724, 0.0012265065271032949, 4.5044700689533645e-06, 0.0771959626219889, -0.7838381744542514, 0.0, -3.463679612313547e-05, 0.0, 0.0, 0.0, 0.0]
child 2 : [0.012957560833584491, 0.00021507714608699077, 3.803996828795379e-06, 0.07404873486766587, -0.7837693814299935, 0.0, -3.184409660846827e-05, 0.0, 0.0, 0.0, 0.0]

child1 before mutation
[0.01361725471064724, 0.0012265065271032949, 4.5044700689533645e-06, 0.0771959626219889, -0.7838381744542514, 0.0, -3.463679612313547e-05, 0.0, 0.0, 0.0, 0.0]
child vector after mutation
[0.01361725471064724, 0.0012265065271032949, 4.5044700689533645e-06, 0.11950990086468194, 0.6560768763472953, 0.032223488557789046, -3.463679612313547e-05, 0.04735900744004205, 0.0, 0.0, 0.04067260210225672]

child2 before mutation
[0.012957560833584491, 0.00021507714608699077, 3.803996828795379e-06, 0.07404873486766587, -0.7837693814299935, 0.0, -3.184409660846827e-05, 0.0, 0.0, 0.0, 0.0]
child vector after mutation
[0.012957560833584491, 0.00021507714608699077, 3.803996828795379e-06, 0.07404873486766587, -0.7837693814299935, 0.0, -3.184409660846827e-05, 0.04621926716111023, 0.04761744593636384, 0.0, 0.0]


Mating pool
parent 1 : [0.013287438227046927, -0.00044691995228115665, -2.379721629881549e-05, 0.05529762670858671, -0.7829175813266334, 0.0, -1.73687513807748e-05, 0.0, 0.0, 0.0, 0.0]
parent 2 : [0.013287438227046927, -0.00044691995228115665, -2.379721629881549e-05, 0.05529762670858671, -0.7829175813266334, 0.0, -1.73687513807748e-05, 0.0, 0.0, 0.0, 0.0]
child 1 : [0.013287438227046929, -0.00044691995228115665, -2.379721629881549e-05, 0.05529762670858671, -0.7829175813266334, 0.0, -1.73687513807748e-05, 0.0, 0.0, 0.0, 0.0]
child 2 : [0.013287438227046929, -0.00044691995228115665, -2.379721629881549e-05, 0.05529762670858671, -0.7829175813266334, 0.0, -1.73687513807748e-05, 0.0, 0.0, 0.0, 0.0]

child1 before mutation
[0.013287438227046929, -0.00044691995228115665, -2.379721629881549e-05, 0.05529762670858671, -0.7829175813266334, 0.0, -1.73687513807748e-05, 0.0, 0.0, 0.0, 0.0]
child vector after mutation
[0.013287438227046929, -0.00044691995228115665, 0.0001046041040671863, 0.05529762670858671, -3.3424594760282242, 0.0, -1.73687513807748e-05, 0.0, 0.0, -0.03879392143201811, 0.0]

child2 before mutation
[0.013287438227046929, -0.00044691995228115665, -2.379721629881549e-05, 0.05529762670858671, -0.7829175813266334, 0.0, -1.73687513807748e-05, 0.0, 0.0, 0.0, 0.0]
child vector after mutation
[-0.06454425185524428, -0.00044691995228115665, -2.379721629881549e-05, 0.05529762670858671, -0.7829175813266334, -0.038871271553063504, 4.2533626735809796e-05, 0.0, 0.03401186745316015, 0.0, 0.0]


Mating pool
parent 1 : [0.016307981472373258, 0.0030021156345732374, -2.5847086771511874e-06, 0.07950860832601615, -0.7830747228947925, 0.0, -2.7328760801102547e-05, 0.0, 0.0, 0.0, 0.0]
parent 2 : [0.013016246631645651, 0.0003050530310712928, 3.866310323809442e-06, 0.07432870953298341, -0.7837755011980708, 0.0, -3.209253274750442e-05, 0.0, 0.0, 0.0, 0.0]
child 1 : [0.01692474979513944, 0.0035074609490790653, -3.79342820101046e-06, 0.08047915961439733, -0.7829434189229793, 0.0, -2.643617868997071e-05, 0.0, 0.0, 0.0, 0.0]
child 2 : [0.012399478308879473, -0.00020029228343453515, 5.075029847668715e-06, 0.07335815824460225, -0.7839068051698842, 0.0, -3.298511485863626e-05, 0.0, 0.0, 0.0, 0.0]

child1 before mutation
[0.01692474979513944, 0.0035074609490790653, -3.79342820101046e-06, 0.08047915961439733, -0.7829434189229793, 0.0, -2.643617868997071e-05, 0.0, 0.0, 0.0, 0.0]
child vector after mutation
[0.01692474979513944, -0.011648331326234492, -3.79342820101046e-06, 0.08047915961439733, 2.020131521668501, 0.0, -2.643617868997071e-05, 0.0, 0.0, 0.027410488996611387, -0.03423867735779193]

child2 before mutation
[0.012399478308879473, -0.00020029228343453515, 5.075029847668715e-06, 0.07335815824460225, -0.7839068051698842, 0.0, -3.298511485863626e-05, 0.0, 0.0, 0.0, 0.0]
child vector after mutation
[0.012399478308879473, -0.00020029228343453515, -2.2066542360957925e-05, 0.07335815824460225, 0.5358896229100995, 0.0, 0.0001132183391106484, 0.04391374763152704, 0.0, 0.0, 0.0]


Mating pool
parent 1 : [0.013287438227046927, -0.00044691995228115665, -2.379721629881549e-05, 0.05529762670858671, -0.7829175813266334, 0.0, -1.73687513807748e-05, 0.0, 0.0, 0.0, 0.0]
parent 2 : [0.01355856891258608, 0.001136530642118993, 4.4421565739393014e-06, 0.07691598795667136, -0.7838320546861741, 0.0, -3.438835998409932e-05, 0.0, 0.0, 0.0, 0.0]
child 1 : [0.013276894905116864, -0.0005084947952168194, -2.489534651859681e-05, 0.0544569644213737, -0.7828820206633064, 0.0, -1.6706918463295513e-05, 0.0, 0.0, 0.0, 0.0]
child 2 : [0.013569112234516146, 0.0011981054850546558, 5.540286793720618e-06, 0.07775665024388438, -0.7838676153495013, 0.0, -3.505019290157862e-05, 0.0, 0.0, 0.0, 0.0]

child1 before mutation
[0.013276894905116864, -0.0005084947952168194, -2.489534651859681e-05, 0.0544569644213737, -0.7828820206633064, 0.0, -1.6706918463295513e-05, 0.0, 0.0, 0.0, 0.0]
child vector after mutation
[0.013276894905116864, 4.372260052044058e-05, -2.489534651859681e-05, -0.21306676473595434, -0.7828820206633064, 0.035237022385458616, -4.072840986961727e-05, 0.0, 0.010968122207050034, -0.041989133465992014, 0.0]

child2 before mutation
[0.013569112234516146, 0.0011981054850546558, 5.540286793720618e-06, 0.07775665024388438, -0.7838676153495013, 0.0, -3.505019290157862e-05, 0.0, 0.0, 0.0, 0.0]
child vector after mutation
[0.013569112234516146, 0.0011981054850546558, -1.8715801200659e-05, -0.19560064024090368, -0.7838676153495013, -0.02324805009319658, -3.505019290157862e-05, -0.0058123841054128905, 0.0, 0.024346633943699486, 0.0]


Mating pool
parent 1 : [0.013016246631645651, 0.0003050530310712928, 3.866310323809442e-06, 0.07432870953298341, -0.7837755011980708, 0.0, -3.209253274750442e-05, 0.0, 0.0, 0.0, 0.0]
parent 2 : [0.016307981472373258, 0.0030021156345732374, -2.5847086771511874e-06, 0.07950860832601615, -0.7830747228947925, 0.0, -2.7328760801102547e-05, 0.0, 0.0, 0.0, 0.0]
child 1 : [0.008558439430734394, -0.003347423756075352, 1.2602554385722132e-05, 0.0673138704718673, -0.7847245249553751, 0.0, -3.854383514994075e-05, 0.0, 0.0, 0.0, 0.0]
child 2 : [0.020765788673284522, 0.006654592421719883, -1.1320952739063878e-05, 0.08652344738713229, -0.7821256991374885, 0.0, -2.0877458398666238e-05, 0.0, 0.0, 0.0, 0.0]

child1 before mutation
[0.008558439430734394, -0.003347423756075352, 1.2602554385722132e-05, 0.0673138704718673, -0.7847245249553751, 0.0, -3.854383514994075e-05, 0.0, 0.0, 0.0, 0.0]
child vector after mutation
[0.0054693889431372, -0.003347423756075352, 3.429949433915215e-05, 0.3193439074709866, -0.7847245249553751, -0.048990374002554064, -3.854383514994075e-05, -0.04437086507454348, -0.03368710628981472, 0.0, 0.0]

child2 before mutation
[0.020765788673284522, 0.006654592421719883, -1.1320952739063878e-05, 0.08652344738713229, -0.7821256991374885, 0.0, -2.0877458398666238e-05, 0.0, 0.0, 0.0, 0.0]
child vector after mutation
[0.019637467723628583, 0.006654592421719883, -1.1320952739063878e-05, 0.3440147311650662, -2.070393725596778, 0.0, 2.7911283590533748e-05, 0.0, 0.04906915488416512, -0.009851980523620497, 0.0]


CHILD ARRAY OBTAINED
[[0.01361725471064724, 0.0012265065271032949, 4.5044700689533645e-06, 0.11950990086468194, 0.6560768763472953, 0.032223488557789046, -3.463679612313547e-05, 0.04735900744004205, 0.0, 0.0, 0.04067260210225672], [0.012957560833584491, 0.00021507714608699077, 3.803996828795379e-06, 0.07404873486766587, -0.7837693814299935, 0.0, -3.184409660846827e-05, 0.04621926716111023, 0.04761744593636384, 0.0, 0.0], [0.013287438227046929, -0.00044691995228115665, 0.0001046041040671863, 0.05529762670858671, -3.3424594760282242, 0.0, -1.73687513807748e-05, 0.0, 0.0, -0.03879392143201811, 0.0], [-0.06454425185524428, -0.00044691995228115665, -2.379721629881549e-05, 0.05529762670858671, -0.7829175813266334, -0.038871271553063504, 4.2533626735809796e-05, 0.0, 0.03401186745316015, 0.0, 0.0], [0.01692474979513944, -0.011648331326234492, -3.79342820101046e-06, 0.08047915961439733, 2.020131521668501, 0.0, -2.643617868997071e-05, 0.0, 0.0, 0.027410488996611387, -0.03423867735779193], [0.012399478308879473, -0.00020029228343453515, -2.2066542360957925e-05, 0.07335815824460225, 0.5358896229100995, 0.0, 0.0001132183391106484, 0.04391374763152704, 0.0, 0.0, 0.0], [0.013276894905116864, 4.372260052044058e-05, -2.489534651859681e-05, -0.21306676473595434, -0.7828820206633064, 0.035237022385458616, -4.072840986961727e-05, 0.0, 0.010968122207050034, -0.041989133465992014, 0.0], [0.013569112234516146, 0.0011981054850546558, -1.8715801200659e-05, -0.19560064024090368, -0.7838676153495013, -0.02324805009319658, -3.505019290157862e-05, -0.0058123841054128905, 0.0, 0.024346633943699486, 0.0], [0.0054693889431372, -0.003347423756075352, 3.429949433915215e-05, 0.3193439074709866, -0.7847245249553751, -0.048990374002554064, -3.854383514994075e-05, -0.04437086507454348, -0.03368710628981472, 0.0, 0.0], [0.019637467723628583, 0.006654592421719883, -1.1320952739063878e-05, 0.3440147311650662, -2.070393725596778, 0.0, 2.7911283590533748e-05, 0.0, 0.04906915488416512, -0.009851980523620497, 0.0]]

FITNESS ARRAY OF CHILD 
[7.68136643732896e+38, 5.723633663752767e+23, 8.467076161448252e+26, 1.1176598460507636e+39, 1.4883244777765423e+30, 2.0371805065886872e+20, 9.18437867251852e+38, 3.9978319466020706e+38, 1.7753078966667307e+39, 4.401836903608528e+25]
test error of child : 
[3.807114808203945e+38, 1.9449256875249565e+23, 2.9025842560507907e+26, 5.539533376549652e+38, 5.14934768533568e+29, 6.895088799834071e+19, 4.552117182989214e+38, 1.9814730607583675e+38, 8.799078992484163e+38, 1.5178204390764076e+25]
validation error of child : 
[3.8742516291250154e+38, 3.778707976227811e+23, 5.564491905397461e+26, 5.637065083957983e+38, 9.733897092429742e+29, 1.3476716266052801e+20, 4.6322614895293054e+38, 2.0163588858437034e+38, 8.953999974183143e+38, 2.8840164645321197e+25]


