GENERATION : 3

POPULATION ARRAY : 
[[0.016307981472373258, 0.0030021156345732374, -2.5847086771511874e-06, 0.07950860832601615, -0.7830747228947925, 0.0, -2.7328760801102547e-05, 0.0, 0.0, 0.0, 0.0], [0.01355856891258608, 0.001136530642118993, 4.4421565739393014e-06, 0.07691598795667136, -0.7838320546861741, 0.0, -3.438835998409932e-05, 0.0, 0.0, 0.0, 0.0], [0.013016246631645651, 0.0003050530310712928, 3.866310323809442e-06, 0.07432870953298341, -0.7837755011980708, 0.0, -3.209253274750442e-05, 0.0, 0.0, 0.0, 0.0], [0.013287438227046927, -0.00044691995228115665, -2.379721629881549e-05, 0.05529762670858671, -0.7829175813266334, 0.0, -1.73687513807748e-05, 0.0, 0.0, 0.0, 0.0], [-0.0036713924954224417, -0.0012687010003726482, -1.3852884982307894e-05, -0.005283672574726471, -0.7820353104775084, 0.0, 3.855169074992219e-05, 0.0, 0.0, 0.0, 0.0], [0.01355856891258608, 0.001136530642118993, 4.4421565739393014e-06, 0.07691598795667136, -0.7838320546861741, 0.0, -3.438835998409932e-05, 0.0, 0.0, 0.0, 0.0], [0.019773387549468887, -0.00719943767895455, -6.302527112827419e-07, 0.03473252338212666, -0.7832550081286177, 0.0, -3.875567125058515e-05, 0.0, 0.0, 0.0, 0.0], [0.0012730127606212019, -0.0006721451801570795, 7.421723358711203e-05, -0.026108672357409362, 1.0309965172328206, 0.0, -6.200430215553004e-07, 0.0, 0.0, 0.0, 0.0], [0.0009765079676606662, -0.0010434757724967253, -1.657832418784278e-05, 0.011319821710997937, -0.7822771141227784, 0.0, 2.3225595859977274e-05, 0.0, -0.0452344718726016, 0.031650984257200906, 0.0], [0.06039504729588431, 0.0008521172687174142, -6.300921781777862e-07, 0.0730329801307714, -0.7836678004593655, 0.0, -0.00011157357809747028, 0.0, 0.0, -0.0486033021564343, 0.0]]

FITNESS ARRAY OF POPULATION : 
[424410731339.26685, 425173264115.19244, 425226929066.0966, 425236238266.57776, 426885730764.848, 425173264115.19244, 426353626257.03046, 30602641898124.37, 5.310170829980971e+26, 1.329038111099788e+27]
test error of parent : 
[297613273500.9022, 298002749959.32434, 298060960541.379, 298309718490.8384, 299859412986.54767, 298002749959.32434, 299094632174.2477, 10570422268548.082, 1.8230182847634156e+26, 4.5560535233771026e+26]
validation error of parent : 
[126797457838.36462, 127170514155.86812, 127165968524.71758, 126926519775.73941, 127026317778.30032, 127170514155.86812, 127258994082.78279, 20032219629576.29, 3.487152545217556e+26, 8.734327587620777e+26]

CHILD ARRAY : 

Mating pool
parent 1 : [0.013287438227046927, -0.00044691995228115665, -2.379721629881549e-05, 0.05529762670858671, -0.7829175813266334, 0.0, -1.73687513807748e-05, 0.0, 0.0, 0.0, 0.0]
parent 2 : [0.013016246631645651, 0.0003050530310712928, 3.866310323809442e-06, 0.07432870953298341, -0.7837755011980708, 0.0, -3.209253274750442e-05, 0.0, 0.0, 0.0, 0.0]
child 1 : [0.01321544561065596, -0.0002472953936853814, -1.6453442767718204e-05, 0.06034976500680428, -0.7831453313647833, 0.0, -2.1277440151866573e-05, 0.0, 0.0, 0.0, 0.0]
child 2 : [0.013088239248036617, 0.00010542847247551757, -3.4774632072878453e-06, 0.06927657123476584, -0.7835477511599209, 0.0, -2.8183843976412646e-05, 0.0, 0.0, 0.0, 0.0]

child1 before mutation
[0.01321544561065596, -0.0002472953936853814, -1.6453442767718204e-05, 0.06034976500680428, -0.7831453313647833, 0.0, -2.1277440151866573e-05, 0.0, 0.0, 0.0, 0.0]
child vector after mutation
[0.01321544561065596, -0.0006433211487709797, -1.6453442767718204e-05, -0.2708328005666953, -0.7831453313647833, 0.007063403419643344, -2.1277440151866573e-05, 0.0, -0.012972515048372012, 0.0, 0.0]

child2 before mutation
[0.013088239248036617, 0.00010542847247551757, -3.4774632072878453e-06, 0.06927657123476584, -0.7835477511599209, 0.0, -2.8183843976412646e-05, 0.0, 0.0, 0.0, 0.0]
child vector after mutation
[0.013088239248036617, 0.00010542847247551757, 1.3813915726212951e-05, 0.06927657123476584, -0.7835477511599209, 0.04609270773912, 6.531891647283033e-07, 0.028674771068979393, 0.0, 0.0, 0.0]


Mating pool
parent 1 : [0.013016246631645651, 0.0003050530310712928, 3.866310323809442e-06, 0.07432870953298341, -0.7837755011980708, 0.0, -3.209253274750442e-05, 0.0, 0.0, 0.0, 0.0]
parent 2 : [0.013287438227046927, -0.00044691995228115665, -2.379721629881549e-05, 0.05529762670858671, -0.7829175813266334, 0.0, -1.73687513807748e-05, 0.0, 0.0, 0.0, 0.0]
child 1 : [0.013007056564527747, 0.0003305356872636224, 4.80376439941857e-06, 0.07497362969809332, -0.783804574153627, 0.0, -3.2591488250861305e-05, 0.0, 0.0, 0.0, 0.0]
child 2 : [0.013296628294164831, -0.00047240260847348624, -2.473467037442462e-05, 0.0546527065434768, -0.7828885083710772, 0.0, -1.6869795877417915e-05, 0.0, 0.0, 0.0, 0.0]

child1 before mutation
[0.013007056564527747, 0.0003305356872636224, 4.80376439941857e-06, 0.07497362969809332, -0.783804574153627, 0.0, -3.2591488250861305e-05, 0.0, 0.0, 0.0, 0.0]
child vector after mutation
[0.013007056564527747, 0.0003305356872636224, 4.80376439941857e-06, 0.07497362969809332, -0.783804574153627, 0.007720486718730546, -3.2591488250861305e-05, 0.0, 0.0, 0.031601323887963106, 0.0]

child2 before mutation
[0.013296628294164831, -0.00047240260847348624, -2.473467037442462e-05, 0.0546527065434768, -0.7828885083710772, 0.0, -1.6869795877417915e-05, 0.0, 0.0, 0.0, 0.0]
child vector after mutation
[0.013296628294164831, -0.00047240260847348624, -2.473467037442462e-05, 0.0546527065434768, -0.7828885083710772, 0.0, -1.6869795877417915e-05, 0.0, 0.007290341436058001, 0.01288860460666666, 0.0]


Mating pool
parent 1 : [0.01355856891258608, 0.001136530642118993, 4.4421565739393014e-06, 0.07691598795667136, -0.7838320546861741, 0.0, -3.438835998409932e-05, 0.0, 0.0, 0.0, 0.0]
parent 2 : [0.01355856891258608, 0.001136530642118993, 4.4421565739393014e-06, 0.07691598795667136, -0.7838320546861741, 0.0, -3.438835998409932e-05, 0.0, 0.0, 0.0, 0.0]
child 1 : [0.01355856891258608, 0.001136530642118993, 4.4421565739393014e-06, 0.07691598795667134, -0.7838320546861742, 0.0, -3.4388359984099316e-05, 0.0, 0.0, 0.0, 0.0]
child 2 : [0.01355856891258608, 0.001136530642118993, 4.4421565739393014e-06, 0.07691598795667134, -0.7838320546861742, 0.0, -3.4388359984099316e-05, 0.0, 0.0, 0.0, 0.0]

child1 before mutation
[0.01355856891258608, 0.001136530642118993, 4.4421565739393014e-06, 0.07691598795667134, -0.7838320546861742, 0.0, -3.4388359984099316e-05, 0.0, 0.0, 0.0, 0.0]
child vector after mutation
[0.01355856891258608, 0.001136530642118993, 4.4421565739393014e-06, -0.2437124928534818, -0.7838320546861742, 0.016969962037615083, 0.00010500151594050231, 0.044703513546315674, 0.0, 0.0, 0.03743706333599413]

child2 before mutation
[0.01355856891258608, 0.001136530642118993, 4.4421565739393014e-06, 0.07691598795667134, -0.7838320546861742, 0.0, -3.4388359984099316e-05, 0.0, 0.0, 0.0, 0.0]
child vector after mutation
[0.01355856891258608, 0.001136530642118993, -7.709273323371196e-06, 0.07691598795667134, -0.7838320546861742, 0.0, -0.0001457826734378444, 0.0, 0.0, 0.0, -0.011415808517690973]


Mating pool
parent 1 : [0.013016246631645651, 0.0003050530310712928, 3.866310323809442e-06, 0.07432870953298341, -0.7837755011980708, 0.0, -3.209253274750442e-05, 0.0, 0.0, 0.0, 0.0]
parent 2 : [0.013016246631645651, 0.0003050530310712928, 3.866310323809442e-06, 0.07432870953298341, -0.7837755011980708, 0.0, -3.209253274750442e-05, 0.0, 0.0, 0.0, 0.0]
child 1 : [0.013016246631645653, 0.00030505303107129284, 3.8663103238094425e-06, 0.07432870953298343, -0.7837755011980708, 0.0, -3.209253274750443e-05, 0.0, 0.0, 0.0, 0.0]
child 2 : [0.013016246631645653, 0.00030505303107129284, 3.8663103238094425e-06, 0.07432870953298343, -0.7837755011980708, 0.0, -3.209253274750443e-05, 0.0, 0.0, 0.0, 0.0]

child1 before mutation
[0.013016246631645653, 0.00030505303107129284, 3.8663103238094425e-06, 0.07432870953298343, -0.7837755011980708, 0.0, -3.209253274750443e-05, 0.0, 0.0, 0.0, 0.0]
child vector after mutation
[-0.04088550852193495, 0.00030505303107129284, -1.1741759287340575e-05, 0.07432870953298343, -0.7837755011980708, 0.0, -3.209253274750443e-05, 0.0, 0.0, 0.0, 0.015767137376915735]

child2 before mutation
[0.013016246631645653, 0.00030505303107129284, 3.8663103238094425e-06, 0.07432870953298343, -0.7837755011980708, 0.0, -3.209253274750443e-05, 0.0, 0.0, 0.0, 0.0]
child vector after mutation
[0.04557507019534237, 0.00017452594018718697, 3.8663103238094425e-06, -0.3403217365731605, -0.7837755011980708, 0.0, 8.315457612122547e-05, 0.0, 0.0, 0.0, 0.0]


Mating pool
parent 1 : [0.013016246631645651, 0.0003050530310712928, 3.866310323809442e-06, 0.07432870953298341, -0.7837755011980708, 0.0, -3.209253274750442e-05, 0.0, 0.0, 0.0, 0.0]
parent 2 : [0.01355856891258608, 0.001136530642118993, 4.4421565739393014e-06, 0.07691598795667136, -0.7838320546861741, 0.0, -3.438835998409932e-05, 0.0, 0.0, 0.0, 0.0]
child 1 : [0.013009576980713693, 0.0002948272564381558, 3.859228384501725e-06, 0.0742968903646471, -0.7837748056853878, 0.0, -3.20642979380446e-05, 0.0, 0.0, 0.0, 0.0]
child 2 : [0.013565238563518035, 0.0011467564167521298, 4.449238513247018e-06, 0.07694780712500768, -0.7838327501988569, 0.0, -3.4416594793559136e-05, 0.0, 0.0, 0.0, 0.0]

child1 before mutation
[0.013009576980713693, 0.0002948272564381558, 3.859228384501725e-06, 0.0742968903646471, -0.7837748056853878, 0.0, -3.20642979380446e-05, 0.0, 0.0, 0.0, 0.0]
child vector after mutation
[0.013009576980713693, 0.0002948272564381558, 3.859228384501725e-06, 0.0742968903646471, -0.7837748056853878, -0.046708679443897165, -3.20642979380446e-05, 0.0, 0.035517270023496236, 0.0, 0.02156471290654026]

child2 before mutation
[0.013565238563518035, 0.0011467564167521298, 4.449238513247018e-06, 0.07694780712500768, -0.7838327501988569, 0.0, -3.4416594793559136e-05, 0.0, 0.0, 0.0, 0.0]
child vector after mutation
[0.03269545882000956, 0.0011467564167521298, -6.06116643773611e-07, 0.07694780712500768, 1.6044242912125268, 0.031188023305750087, -3.4416594793559136e-05, -0.0038156198840247207, 0.0, 0.0, 0.0]


CHILD ARRAY OBTAINED
[[0.01321544561065596, -0.0006433211487709797, -1.6453442767718204e-05, -0.2708328005666953, -0.7831453313647833, 0.007063403419643344, -2.1277440151866573e-05, 0.0, -0.012972515048372012, 0.0, 0.0], [0.013088239248036617, 0.00010542847247551757, 1.3813915726212951e-05, 0.06927657123476584, -0.7835477511599209, 0.04609270773912, 6.531891647283033e-07, 0.028674771068979393, 0.0, 0.0, 0.0], [0.013007056564527747, 0.0003305356872636224, 4.80376439941857e-06, 0.07497362969809332, -0.783804574153627, 0.007720486718730546, -3.2591488250861305e-05, 0.0, 0.0, 0.031601323887963106, 0.0], [0.013296628294164831, -0.00047240260847348624, -2.473467037442462e-05, 0.0546527065434768, -0.7828885083710772, 0.0, -1.6869795877417915e-05, 0.0, 0.007290341436058001, 0.01288860460666666, 0.0], [0.01355856891258608, 0.001136530642118993, 4.4421565739393014e-06, -0.2437124928534818, -0.7838320546861742, 0.016969962037615083, 0.00010500151594050231, 0.044703513546315674, 0.0, 0.0, 0.03743706333599413], [0.01355856891258608, 0.001136530642118993, -7.709273323371196e-06, 0.07691598795667134, -0.7838320546861742, 0.0, -0.0001457826734378444, 0.0, 0.0, 0.0, -0.011415808517690973], [-0.04088550852193495, 0.00030505303107129284, -1.1741759287340575e-05, 0.07432870953298343, -0.7837755011980708, 0.0, -3.209253274750443e-05, 0.0, 0.0, 0.0, 0.015767137376915735], [0.04557507019534237, 0.00017452594018718697, 3.8663103238094425e-06, -0.3403217365731605, -0.7837755011980708, 0.0, 8.315457612122547e-05, 0.0, 0.0, 0.0, 0.0], [0.013009576980713693, 0.0002948272564381558, 3.859228384501725e-06, 0.0742968903646471, -0.7837748056853878, -0.046708679443897165, -3.20642979380446e-05, 0.0, 0.035517270023496236, 0.0, 0.02156471290654026], [0.03269545882000956, 0.0011467564167521298, -6.06116643773611e-07, 0.07694780712500768, 1.6044242912125268, 0.031188023305750087, -3.4416594793559136e-05, -0.0038156198840247207, 0.0, 0.0, 0.0]]

FITNESS ARRAY OF CHILD 
[3.690457115241147e+37, 1.571508046150627e+39, 4.409042134583685e+37, 9.5642921275993e+25, 2.1305215250384997e+38, 1.710391333661673e+29, 3.262780351348048e+29, 442595263005.58057, 1.6137351563384156e+39, 7.194951412197298e+38]
test error of child : 
[1.8291263242363045e+37, 7.78897199053692e+38, 2.1852814140469705e+37, 3.2769698643172537e+25, 1.0559391638719985e+38, 5.914471124556627e+28, 1.1282575958803052e+29, 311390755559.07654, 7.998305821749062e+38, 3.566082602272404e+38]
validation error of child : 
[1.8613307910048426e+37, 7.926108470969349e+38, 2.2237607205367147e+37, 6.287322263282047e+25, 1.0745823611665012e+38, 1.1189442212060105e+29, 2.134522755467743e+29, 131204507446.50406, 8.139045741635093e+38, 3.628868809924894e+38]


