GENERATION : 10

POPULATION ARRAY : 
[[0.016307981472373258, 0.0030021156345732374, -2.5847086771511874e-06, 0.07950860832601615, -0.7830747228947925, 0.0, -2.7328760801102547e-05, 0.0, 0.0, 0.0, 0.0], [0.01355856891258608, 0.001136530642118993, 4.4421565739393014e-06, 0.07691598795667136, -0.7838320546861741, 0.0, -3.438835998409932e-05, 0.0, 0.0, 0.0, 0.0], [0.01355856891258608, 0.001136530642118993, 4.4421565739393014e-06, 0.07691598795667136, -0.7838320546861741, 0.0, -3.438835998409932e-05, 0.0, 0.0, 0.0, 0.0], [0.013014465076929492, -0.0009038616390086637, 4.048041937752782e-06, 0.07445373153194787, -0.7837811371809661, 0.0, -3.218925854055411e-05, 0.0, 0.0, 0.0, 0.0], [0.013016246631645651, 0.0003050530310712928, 3.866310323809442e-06, 0.07432870953298341, -0.7837755011980708, 0.0, -3.209253274750442e-05, 0.0, 0.0, 0.0, 0.0], [0.01355856891258608, 0.001311284336876787, 4.4421565739393014e-06, 0.07691598795667134, -0.783832054686174, 0.0, 0.00012808987656466058, -0.037369893743321836, 0.0, 0.0, 0.0], [0.01678124953188423, 0.003323246701676515, -3.794272832952559e-06, 0.3625535149349204, 1.225294676142822, 0.0, -2.6113562014594957e-05, 0.0, 0.03331816906196766, 0.0, 0.0], [0.013496345000588997, -0.003205160923937473, 4.3970854811960584e-06, 0.07663440341885724, -0.09742604129772256, 0.0, -3.413686994538146e-05, -0.034616953323970495, 0.03944021780856925, 0.0, 0.0], [-0.00727364672351756, -0.0006705216376701252, 4.093113030496024e-06, 0.2594117838653548, -0.7837869601253299, 0.0, -3.244074857927197e-05, 0.0, 0.0, 0.018418755634800693, 0.0], [0.01355856891258608, -0.000820508538587787, 4.4421565739393014e-06, 0.07691598795667134, -0.783832054686174, 0.0, -3.4388359984099316e-05, -0.022216095850614404, 0.0, 0.031067690125355638, 0.0]]

FITNESS ARRAY OF POPULATION : 
[424410731339.26685, 425173264115.19244, 425173264115.19244, 425226911151.49493, 425226929066.0966, 1.4746295994447346e+20, 2.6940637102305206e+23, 3.640545999691163e+23, 1.9086505656503326e+26, 5.4269501315099864e+26]
test error of parent : 
[297613273500.9022, 298002749959.32434, 298002749959.32434, 298059358262.98914, 298060960541.379, 4.991781054275286e+19, 9.167317777972306e+22, 1.2404723338819928e+23, 6.543013012636683e+25, 1.8604121805207354e+26]
validation error of parent : 
[126797457838.36462, 127170514155.86812, 127170514155.86812, 127167552888.50581, 127165968524.71758, 9.75451494017206e+19, 1.77733193243329e+23, 2.40007366580917e+23, 1.254349264386664e+26, 3.566537950989251e+26]

CHILD ARRAY : 

Mating pool
parent 1 : [0.013014465076929492, -0.0009038616390086637, 4.048041937752782e-06, 0.07445373153194787, -0.7837811371809661, 0.0, -3.218925854055411e-05, 0.0, 0.0, 0.0, 0.0]
parent 2 : [0.013016246631645651, 0.0003050530310712928, 3.866310323809442e-06, 0.07432870953298341, -0.7837755011980708, 0.0, -3.209253274750442e-05, 0.0, 0.0, 0.0, 0.0]
child 1 : [0.013013946855321253, -0.0012555127552316026, 4.100904332823184e-06, 0.07449009813959716, -0.7837827765850739, 0.0, -3.221739430061666e-05, 0.0, 0.0, 0.0, 0.0]
child 2 : [0.013016764853253884, 0.0006567041472942319, 3.8134479287390388e-06, 0.07429234292533413, -0.783773861793963, 0.0, -3.206439698744186e-05, 0.0, 0.0, 0.0, 0.0]

child1 before mutation
[0.013013946855321253, -0.0012555127552316026, 4.100904332823184e-06, 0.07449009813959716, -0.7837827765850739, 0.0, -3.221739430061666e-05, 0.0, 0.0, 0.0, 0.0]
child vector after mutation
[-0.010966630029541687, -0.0012555127552316026, 4.100904332823184e-06, 0.07449009813959716, -0.7837827765850739, 0.0, -3.221739430061666e-05, 0.0, -0.045773997872584696, 0.0, -0.003975577144356854]

child2 before mutation
[0.013016764853253884, 0.0006567041472942319, 3.8134479287390388e-06, 0.07429234292533413, -0.783773861793963, 0.0, -3.206439698744186e-05, 0.0, 0.0, 0.0, 0.0]
child vector after mutation
[0.013016764853253884, 0.0028946587503498123, 3.8134479287390388e-06, 0.07429234292533413, 2.7573349207274602, 0.0, -3.206439698744186e-05, 0.0, 0.0, 0.02635497591356145, -0.047091568461070835]


Mating pool
parent 1 : [0.016307981472373258, 0.0030021156345732374, -2.5847086771511874e-06, 0.07950860832601615, -0.7830747228947925, 0.0, -2.7328760801102547e-05, 0.0, 0.0, 0.0, 0.0]
parent 2 : [0.016307981472373258, 0.0030021156345732374, -2.5847086771511874e-06, 0.07950860832601615, -0.7830747228947925, 0.0, -2.7328760801102547e-05, 0.0, 0.0, 0.0, 0.0]
child 1 : [0.016307981472373258, 0.0030021156345732374, -2.5847086771511874e-06, 0.07950860832601615, -0.7830747228947925, 0.0, -2.7328760801102547e-05, 0.0, 0.0, 0.0, 0.0]
child 2 : [0.016307981472373258, 0.0030021156345732374, -2.5847086771511874e-06, 0.07950860832601615, -0.7830747228947925, 0.0, -2.7328760801102547e-05, 0.0, 0.0, 0.0, 0.0]

child1 before mutation
[0.016307981472373258, 0.0030021156345732374, -2.5847086771511874e-06, 0.07950860832601615, -0.7830747228947925, 0.0, -2.7328760801102547e-05, 0.0, 0.0, 0.0, 0.0]
child vector after mutation
[0.016307981472373258, 0.0073386295082017725, -2.5847086771511874e-06, 0.07950860832601615, -0.7830747228947925, 0.0, -2.7328760801102547e-05, 0.0, -0.026407165196095296, 0.0, 0.0]

child2 before mutation
[0.016307981472373258, 0.0030021156345732374, -2.5847086771511874e-06, 0.07950860832601615, -0.7830747228947925, 0.0, -2.7328760801102547e-05, 0.0, 0.0, 0.0, 0.0]
child vector after mutation
[0.008178765013537016, -0.013645691062540037, -1.0191135991797321e-05, 0.26673520747907076, -0.7830747228947925, 0.020114789380413695, -2.7328760801102547e-05, 0.0, 0.0, 0.0, 0.0]


Mating pool
parent 1 : [0.01355856891258608, 0.001136530642118993, 4.4421565739393014e-06, 0.07691598795667136, -0.7838320546861741, 0.0, -3.438835998409932e-05, 0.0, 0.0, 0.0, 0.0]
parent 2 : [0.01355856891258608, 0.001136530642118993, 4.4421565739393014e-06, 0.07691598795667136, -0.7838320546861741, 0.0, -3.438835998409932e-05, 0.0, 0.0, 0.0, 0.0]
child 1 : [0.01355856891258608, 0.001136530642118993, 4.4421565739393014e-06, 0.07691598795667134, -0.7838320546861741, 0.0, -3.438835998409932e-05, 0.0, 0.0, 0.0, 0.0]
child 2 : [0.01355856891258608, 0.001136530642118993, 4.4421565739393014e-06, 0.07691598795667134, -0.7838320546861741, 0.0, -3.438835998409932e-05, 0.0, 0.0, 0.0, 0.0]

child1 before mutation
[0.01355856891258608, 0.001136530642118993, 4.4421565739393014e-06, 0.07691598795667134, -0.7838320546861741, 0.0, -3.438835998409932e-05, 0.0, 0.0, 0.0, 0.0]
child vector after mutation
[0.01355856891258608, 0.001136530642118993, -5.007004864240656e-06, 0.07691598795667134, -0.7838320546861741, 0.0, -3.438835998409932e-05, 0.0, 0.04288094205471918, 0.0, 0.0]

child2 before mutation
[0.01355856891258608, 0.001136530642118993, 4.4421565739393014e-06, 0.07691598795667134, -0.7838320546861741, 0.0, -3.438835998409932e-05, 0.0, 0.0, 0.0, 0.0]
child vector after mutation
[0.01355856891258608, -0.004589453161986892, -6.207224239003535e-06, 0.07691598795667134, -0.7838320546861741, 0.0, -3.438835998409932e-05, 0.0, 0.0, -0.007095763394381546, 0.02444336163601188]


Mating pool
parent 1 : [0.01355856891258608, 0.001136530642118993, 4.4421565739393014e-06, 0.07691598795667136, -0.7838320546861741, 0.0, -3.438835998409932e-05, 0.0, 0.0, 0.0, 0.0]
parent 2 : [0.01355856891258608, 0.001136530642118993, 4.4421565739393014e-06, 0.07691598795667136, -0.7838320546861741, 0.0, -3.438835998409932e-05, 0.0, 0.0, 0.0, 0.0]
child 1 : [0.01355856891258608, 0.001136530642118993, 4.4421565739393014e-06, 0.07691598795667136, -0.7838320546861741, 0.0, -3.438835998409932e-05, 0.0, 0.0, 0.0, 0.0]
child 2 : [0.01355856891258608, 0.001136530642118993, 4.4421565739393014e-06, 0.07691598795667136, -0.7838320546861741, 0.0, -3.438835998409932e-05, 0.0, 0.0, 0.0, 0.0]

child1 before mutation
[0.01355856891258608, 0.001136530642118993, 4.4421565739393014e-06, 0.07691598795667136, -0.7838320546861741, 0.0, -3.438835998409932e-05, 0.0, 0.0, 0.0, 0.0]
child vector after mutation
[-0.06480553755374537, 0.001136530642118993, 4.4421565739393014e-06, 0.07691598795667136, 2.2057900366828456, 0.0, -2.62004074873321e-05, -0.010641565976713216, -0.013170953918503946, 0.0, -0.00026268657042468474]

child2 before mutation
[0.01355856891258608, 0.001136530642118993, 4.4421565739393014e-06, 0.07691598795667136, -0.7838320546861741, 0.0, -3.438835998409932e-05, 0.0, 0.0, 0.0, 0.0]
child vector after mutation
[0.01355856891258608, 0.001136530642118993, 4.4421565739393014e-06, -0.32613253011595195, -0.7838320546861741, 0.0, 0.00011465556041523834, 0.0, 0.0, 0.0, 0.0]


Mating pool
parent 1 : [0.016307981472373258, 0.0030021156345732374, -2.5847086771511874e-06, 0.07950860832601615, -0.7830747228947925, 0.0, -2.7328760801102547e-05, 0.0, 0.0, 0.0, 0.0]
parent 2 : [0.016307981472373258, 0.0030021156345732374, -2.5847086771511874e-06, 0.07950860832601615, -0.7830747228947925, 0.0, -2.7328760801102547e-05, 0.0, 0.0, 0.0, 0.0]
child 1 : [0.01630798147237326, 0.003002115634573238, -2.584708677151188e-06, 0.07950860832601617, -0.7830747228947925, 0.0, -2.732876080110255e-05, 0.0, 0.0, 0.0, 0.0]
child 2 : [0.01630798147237326, 0.003002115634573238, -2.584708677151188e-06, 0.07950860832601617, -0.7830747228947925, 0.0, -2.732876080110255e-05, 0.0, 0.0, 0.0, 0.0]

child1 before mutation
[0.01630798147237326, 0.003002115634573238, -2.584708677151188e-06, 0.07950860832601617, -0.7830747228947925, 0.0, -2.732876080110255e-05, 0.0, 0.0, 0.0, 0.0]
child vector after mutation
[-0.04185732881210299, 0.011180061557613339, -2.584708677151188e-06, 0.15147183172573794, -0.7830747228947925, 0.0, -2.732876080110255e-05, -0.010263067826469276, 0.0, 0.028989498187096813, 0.0]

child2 before mutation
[0.01630798147237326, 0.003002115634573238, -2.584708677151188e-06, 0.07950860832601617, -0.7830747228947925, 0.0, -2.732876080110255e-05, 0.0, 0.0, 0.0, 0.0]
child vector after mutation
[-0.054476327236064596, 0.003002115634573238, -2.584708677151188e-06, 0.20559689414661506, -0.7830747228947925, -0.019297174950650166, -2.732876080110255e-05, 0.0, -0.029315862620040045, 0.0, 0.0]


CHILD ARRAY OBTAINED
[[-0.010966630029541687, -0.0012555127552316026, 4.100904332823184e-06, 0.07449009813959716, -0.7837827765850739, 0.0, -3.221739430061666e-05, 0.0, -0.045773997872584696, 0.0, -0.003975577144356854], [0.013016764853253884, 0.0028946587503498123, 3.8134479287390388e-06, 0.07429234292533413, 2.7573349207274602, 0.0, -3.206439698744186e-05, 0.0, 0.0, 0.02635497591356145, -0.047091568461070835], [0.016307981472373258, 0.0073386295082017725, -2.5847086771511874e-06, 0.07950860832601615, -0.7830747228947925, 0.0, -2.7328760801102547e-05, 0.0, -0.026407165196095296, 0.0, 0.0], [0.008178765013537016, -0.013645691062540037, -1.0191135991797321e-05, 0.26673520747907076, -0.7830747228947925, 0.020114789380413695, -2.7328760801102547e-05, 0.0, 0.0, 0.0, 0.0], [0.01355856891258608, 0.001136530642118993, -5.007004864240656e-06, 0.07691598795667134, -0.7838320546861741, 0.0, -3.438835998409932e-05, 0.0, 0.04288094205471918, 0.0, 0.0], [0.01355856891258608, -0.004589453161986892, -6.207224239003535e-06, 0.07691598795667134, -0.7838320546861741, 0.0, -3.438835998409932e-05, 0.0, 0.0, -0.007095763394381546, 0.02444336163601188], [-0.06480553755374537, 0.001136530642118993, 4.4421565739393014e-06, 0.07691598795667136, 2.2057900366828456, 0.0, -2.62004074873321e-05, -0.010641565976713216, -0.013170953918503946, 0.0, -0.00026268657042468474], [0.01355856891258608, 0.001136530642118993, 4.4421565739393014e-06, -0.32613253011595195, -0.7838320546861741, 0.0, 0.00011465556041523834, 0.0, 0.0, 0.0, 0.0], [-0.04185732881210299, 0.011180061557613339, -2.584708677151188e-06, 0.15147183172573794, -0.7830747228947925, 0.0, -2.732876080110255e-05, -0.010263067826469276, 0.0, 0.028989498187096813, 0.0], [-0.054476327236064596, 0.003002115634573238, -2.584708677151188e-06, 0.20559689414661506, -0.7830747228947925, -0.019297174950650166, -2.732876080110255e-05, 0.0, -0.029315862620040045, 0.0, 0.0]]

FITNESS ARRAY OF CHILD 
[2.09487956405792e+28, 2.84389679871104e+30, 1.6923107819943054e+23, 2.9928375511021126e+38, 4.4623566141215285e+23, 7.748238462013056e+29, 9.456548560500343e+25, 442032271445.74756, 4.726662615295308e+26, 2.7544801969946415e+38]
test error of child : 
[7.243402828371456e+27, 9.837767530556885e+29, 5.758578554155745e+22, 1.4833603885341938e+38, 1.5184441941068368e+23, 2.6798271846235644e+29, 3.268780183694298e+25, 310950288699.88293, 1.620342964677901e+26, 1.3652217053158661e+38]
validation error of child : 
[1.3705392812207744e+28, 1.8601200456553513e+30, 1.1164529265787308e+23, 1.5094771625679188e+38, 2.943912420014692e+23, 5.0684112773894925e+29, 6.187768376806045e+25, 131081982745.86462, 3.106319650617407e+26, 1.3892584916787753e+38]



