GENERATION : 5

POPULATION ARRAY : 
[[0.016307981472373258, 0.0030021156345732374, -2.5847086771511874e-06, 0.07950860832601615, -0.7830747228947925, 0.0, -2.7328760801102547e-05, 0.0, 0.0, 0.0, 0.0], [0.01355856891258608, 0.001136530642118993, 4.4421565739393014e-06, 0.07691598795667136, -0.7838320546861741, 0.0, -3.438835998409932e-05, 0.0, 0.0, 0.0, 0.0], [0.01355856891258608, 0.001136530642118993, 4.4421565739393014e-06, 0.07691598795667136, -0.7838320546861741, 0.0, -3.438835998409932e-05, 0.0, 0.0, 0.0, 0.0], [0.013016246631645651, 0.0003050530310712928, 3.866310323809442e-06, 0.07432870953298341, -0.7837755011980708, 0.0, -3.209253274750442e-05, 0.0, 0.0, 0.0, 0.0], [0.013287438227046927, -0.00044691995228115665, -2.379721629881549e-05, 0.05529762670858671, -0.7829175813266334, 0.0, -1.73687513807748e-05, 0.0, 0.0, 0.0, 0.0], [0.01303854179292453, 0.000504576962600043, 2.969768677436499e-06, 0.072764129110593, -3.3518565148843638, 0.0, -3.088206352289412e-05, 0.0, 0.0, 0.0, 0.0], [-0.02457150334098399, 0.0018392585562371072, 3.187674657512088e-05, 0.05686220713097713, -0.782988112501723, 0.0, -1.85792206053851e-05, 0.0, 0.01069672702708245, 0.0, 0.0], [0.013786349622514078, 0.0012910888485618776, 3.860001542398431e-06, 0.07713077889672179, -0.7837693119841094, 0.0, -3.971130988042047e-05, 0.0, -0.024285868699501514, 0.0, 0.0], [-0.02630461910588211, 0.0012963769340263074, 7.2928669500390735e-06, 0.026773229749340315, -0.7839243690129284, 0.0, -3.610645673721327e-05, 0.037492363298912784, 0.0, 0.03583299464399964, 0.0], [0.01608020076244526, 0.002847557428130353, 5.551852320520866e-06, 0.3598865845824764, -0.7831374655968573, 0.0, -2.791362774221909e-05, 0.0, 0.0, -0.04025592497302924, 0.0]]

FITNESS ARRAY OF POPULATION : 
[424410731339.26685, 425173264115.19244, 425173264115.19244, 425226929066.0966, 425236238266.57776, 66431677406103.11, 2.776747650861195e+22, 1.4313435878328857e+23, 7.230427912847853e+26, 9.117284409322123e+26]
test error of parent : 
[297613273500.9022, 298002749959.32434, 298002749959.32434, 298060960541.379, 298309718490.8384, 23436439087936.668, 9.448661083550986e+21, 4.8705623128885846e+22, 2.4786344207113435e+26, 3.1254811687642764e+26]
validation error of parent : 
[126797457838.36462, 127170514155.86812, 127170514155.86812, 127165968524.71758, 126926519775.73941, 42995238318166.445, 1.8318815425060965e+22, 9.442873565440271e+22, 4.751793492136509e+26, 5.991803240557846e+26]

CHILD ARRAY : 

Mating pool
parent 1 : [0.013287438227046927, -0.00044691995228115665, -2.379721629881549e-05, 0.05529762670858671, -0.7829175813266334, 0.0, -1.73687513807748e-05, 0.0, 0.0, 0.0, 0.0]
parent 2 : [0.013016246631645651, 0.0003050530310712928, 3.866310323809442e-06, 0.07432870953298341, -0.7837755011980708, 0.0, -3.209253274750442e-05, 0.0, 0.0, 0.0, 0.0]
child 1 : [0.013335829404483739, -0.0005811013158711828, -2.8733470401169356e-05, 0.05190173789275755, -0.7827644948983321, 0.0, -1.4741453452887394e-05, 0.0, 0.0, 0.0, 0.0]
child 2 : [0.01296785545420884, 0.00043923439466131897, 8.802564426163309e-06, 0.07772459834881258, -0.7839285876263721, 0.0, -3.4719830675391825e-05, 0.0, 0.0, 0.0, 0.0]

child1 before mutation
[0.013335829404483739, -0.0005811013158711828, -2.8733470401169356e-05, 0.05190173789275755, -0.7827644948983321, 0.0, -1.4741453452887394e-05, 0.0, 0.0, 0.0, 0.0]
child vector after mutation
[0.018290818633628293, -0.0017728144649456895, 3.163129956485607e-05, 0.05190173789275755, -0.7827644948983321, 0.0, -1.4741453452887394e-05, -0.03279336953519855, 0.03471552394058308, 0.0, -0.005477076159041673]

child2 before mutation
[0.01296785545420884, 0.00043923439466131897, 8.802564426163309e-06, 0.07772459834881258, -0.7839285876263721, 0.0, -3.4719830675391825e-05, 0.0, 0.0, 0.0, 0.0]
child vector after mutation
[0.01296785545420884, 0.00043923439466131897, 8.802564426163309e-06, 0.07772459834881258, -1.477033740340932, 0.0, -3.4719830675391825e-05, 0.0, 0.0, 0.03092992567874253, 0.0]


Mating pool
parent 1 : [0.016307981472373258, 0.0030021156345732374, -2.5847086771511874e-06, 0.07950860832601615, -0.7830747228947925, 0.0, -2.7328760801102547e-05, 0.0, 0.0, 0.0, 0.0]
parent 2 : [0.013016246631645651, 0.0003050530310712928, 3.866310323809442e-06, 0.07432870953298341, -0.7837755011980708, 0.0, -3.209253274750442e-05, 0.0, 0.0, 0.0, 0.0]
child 1 : [0.01600803454745501, 0.002756355974887647, -1.996883896130965e-06, 0.07903660958081514, -0.7831385786751904, 0.0, -2.776284155653157e-05, 0.0, 0.0, 0.0, 0.0]
child 2 : [0.013316193556563901, 0.0005508126907568832, 3.278485542789219e-06, 0.07480070827818443, -0.7837116454176729, 0.0, -3.16584519920754e-05, 0.0, 0.0, 0.0, 0.0]

child1 before mutation
[0.01600803454745501, 0.002756355974887647, -1.996883896130965e-06, 0.07903660958081514, -0.7831385786751904, 0.0, -2.776284155653157e-05, 0.0, 0.0, 0.0, 0.0]
child vector after mutation
[0.01600803454745501, -0.006552973729971254, -1.996883896130965e-06, 0.07903660958081514, -0.7831385786751904, 0.0, -0.0001091981429521911, 0.0, 0.0, -0.012574691961039532, -0.02660790944926448]

child2 before mutation
[0.013316193556563901, 0.0005508126907568832, 3.278485542789219e-06, 0.07480070827818443, -0.7837116454176729, 0.0, -3.16584519920754e-05, 0.0, 0.0, 0.0, 0.0]
child vector after mutation
[0.013316193556563901, 0.0005508126907568832, 1.5873838046754265e-05, 0.07480070827818443, -0.7837116454176729, -0.013961057494539457, -3.16584519920754e-05, -0.020522554470547672, 0.0, 0.0, 0.010485051436385048]


Mating pool
parent 1 : [0.01355856891258608, 0.001136530642118993, 4.4421565739393014e-06, 0.07691598795667136, -0.7838320546861741, 0.0, -3.438835998409932e-05, 0.0, 0.0, 0.0, 0.0]
parent 2 : [0.013287438227046927, -0.00044691995228115665, -2.379721629881549e-05, 0.05529762670858671, -0.7829175813266334, 0.0, -1.73687513807748e-05, 0.0, 0.0, 0.0, 0.0]
child 1 : [0.01353066324695172, 0.0009735566771913827, 1.5356670500994337e-06, 0.07469095481683256, -0.7837379340677272, 0.0, -3.263664565502003e-05, 0.0, 0.0, 0.0, 0.0]
child 2 : [0.013315343892681287, -0.0002839459873535465, -2.0890726774975625e-05, 0.0575226598484255, -0.7830117019450803, 0.0, -1.9120465709854093e-05, 0.0, 0.0, 0.0, 0.0]

child1 before mutation
[0.01353066324695172, 0.0009735566771913827, 1.5356670500994337e-06, 0.07469095481683256, -0.7837379340677272, 0.0, -3.263664565502003e-05, 0.0, 0.0, 0.0, 0.0]
child vector after mutation
[0.01353066324695172, 0.0009735566771913827, 4.509890054081604e-06, -0.09023215807565098, -0.7837379340677272, 0.0, 2.424984261933861e-05, -0.04712114587747129, 0.0, 0.011814150570900094, -0.04405779274381284]

child2 before mutation
[0.013315343892681287, -0.0002839459873535465, -2.0890726774975625e-05, 0.0575226598484255, -0.7830117019450803, 0.0, -1.9120465709854093e-05, 0.0, 0.0, 0.0, 0.0]
child vector after mutation
[0.013315343892681287, -0.0002839459873535465, -2.0890726774975625e-05, 0.0575226598484255, -0.7830117019450803, 0.024012193711432123, -1.9120465709854093e-05, 0.0, 0.03837842610165003, 0.023993106427940267, 0.0]


Mating pool
parent 1 : [0.01355856891258608, 0.001136530642118993, 4.4421565739393014e-06, 0.07691598795667136, -0.7838320546861741, 0.0, -3.438835998409932e-05, 0.0, 0.0, 0.0, 0.0]
parent 2 : [0.013016246631645651, 0.0003050530310712928, 3.866310323809442e-06, 0.07432870953298341, -0.7837755011980708, 0.0, -3.209253274750442e-05, 0.0, 0.0, 0.0, 0.0]
child 1 : [0.013657149498671807, 0.0012876724135249236, 4.54683097664802e-06, 0.07738629027014413, -0.7838423346916218, 0.0, -3.4805683783045285e-05, 0.0, 0.0, 0.0, 0.0]
child 2 : [0.012917666045559927, 0.00015391125966536209, 3.7616359211007244e-06, 0.07385840721951066, -0.7837652211926233, 0.0, -3.1675208948558465e-05, 0.0, 0.0, 0.0, 0.0]

child1 before mutation
[0.013657149498671807, 0.0012876724135249236, 4.54683097664802e-06, 0.07738629027014413, -0.7838423346916218, 0.0, -3.4805683783045285e-05, 0.0, 0.0, 0.0, 0.0]
child vector after mutation
[0.013657149498671807, 0.0012876724135249236, 4.54683097664802e-06, 0.018133646686868114, -0.7838423346916218, 0.0, -3.4805683783045285e-05, 0.0, -0.004918511048974519, 0.017657422310508403, 0.0]

child2 before mutation
[0.012917666045559927, 0.00015391125966536209, 3.7616359211007244e-06, 0.07385840721951066, -0.7837652211926233, 0.0, -3.1675208948558465e-05, 0.0, 0.0, 0.0, 0.0]
child vector after mutation
[-0.044981345834984046, 0.00015391125966536209, -4.434728973053115e-06, 0.07385840721951066, -2.1419621785160325, 0.0, -3.1675208948558465e-05, 0.0, -0.0019505660937736424, 0.0, 0.0]


Mating pool
parent 1 : [0.013287438227046927, -0.00044691995228115665, -2.379721629881549e-05, 0.05529762670858671, -0.7829175813266334, 0.0, -1.73687513807748e-05, 0.0, 0.0, 0.0, 0.0]
parent 2 : [0.01355856891258608, 0.001136530642118993, 4.4421565739393014e-06, 0.07691598795667136, -0.7838320546861741, 0.0, -3.438835998409932e-05, 0.0, 0.0, 0.0, 0.0]
child 1 : [0.013344210987946158, -0.00011535710533573358, -1.7884100412057484e-05, 0.059824351714759014, -0.7831090652868007, 0.0, -2.0932531584825202e-05, 0.0, 0.0, 0.0, 0.0]
child 2 : [0.013501796151686849, 0.0008049677951735699, -1.4709593128187033e-06, 0.07238926295049905, -0.7836405707260068, 0.0, -3.082457978004892e-05, 0.0, 0.0, 0.0, 0.0]

child1 before mutation
[0.013344210987946158, -0.00011535710533573358, -1.7884100412057484e-05, 0.059824351714759014, -0.7831090652868007, 0.0, -2.0932531584825202e-05, 0.0, 0.0, 0.0, 0.0]
child vector after mutation
[0.013344210987946158, -0.00011535710533573358, -6.998343967457021e-05, 0.15917013246760897, -0.7831090652868007, 0.0, -2.0932531584825202e-05, -0.011347136359727672, 0.0, -5.71351899309111e-05, 0.0]

child2 before mutation
[0.013501796151686849, 0.0008049677951735699, -1.4709593128187033e-06, 0.07238926295049905, -0.7836405707260068, 0.0, -3.082457978004892e-05, 0.0, 0.0, 0.0, 0.0]
child vector after mutation
[0.013501796151686849, -0.0007890988911729504, -1.4709593128187033e-06, 0.08875945772324689, -1.921357539177965, 0.0, -3.082457978004892e-05, 0.0, 0.0, 0.013228526237869007, 0.02725602055845168]


CHILD ARRAY OBTAINED
[[0.018290818633628293, -0.0017728144649456895, 3.163129956485607e-05, 0.05190173789275755, -0.7827644948983321, 0.0, -1.4741453452887394e-05, -0.03279336953519855, 0.03471552394058308, 0.0, -0.005477076159041673], [0.01296785545420884, 0.00043923439466131897, 8.802564426163309e-06, 0.07772459834881258, -1.477033740340932, 0.0, -3.4719830675391825e-05, 0.0, 0.0, 0.03092992567874253, 0.0], [0.01600803454745501, -0.006552973729971254, -1.996883896130965e-06, 0.07903660958081514, -0.7831385786751904, 0.0, -0.0001091981429521911, 0.0, 0.0, -0.012574691961039532, -0.02660790944926448], [0.013316193556563901, 0.0005508126907568832, 1.5873838046754265e-05, 0.07480070827818443, -0.7837116454176729, -0.013961057494539457, -3.16584519920754e-05, -0.020522554470547672, 0.0, 0.0, 0.010485051436385048], [0.01353066324695172, 0.0009735566771913827, 4.509890054081604e-06, -0.09023215807565098, -0.7837379340677272, 0.0, 2.424984261933861e-05, -0.04712114587747129, 0.0, 0.011814150570900094, -0.04405779274381284], [0.013315343892681287, -0.0002839459873535465, -2.0890726774975625e-05, 0.0575226598484255, -0.7830117019450803, 0.024012193711432123, -1.9120465709854093e-05, 0.0, 0.03837842610165003, 0.023993106427940267, 0.0], [0.013657149498671807, 0.0012876724135249236, 4.54683097664802e-06, 0.018133646686868114, -0.7838423346916218, 0.0, -3.4805683783045285e-05, 0.0, -0.004918511048974519, 0.017657422310508403, 0.0], [-0.044981345834984046, 0.00015391125966536209, -4.434728973053115e-06, 0.07385840721951066, -2.1419621785160325, 0.0, -3.1675208948558465e-05, 0.0, -0.0019505660937736424, 0.0, 0.0], [0.013344210987946158, -0.00011535710533573358, -6.998343967457021e-05, 0.15917013246760897, -0.7831090652868007, 0.0, -2.0932531584825202e-05, -0.011347136359727672, 0.0, -5.71351899309111e-05, 0.0], [0.013501796151686849, -0.0007890988911729504, -1.4709593128187033e-06, 0.08875945772324689, -1.921357539177965, 0.0, -3.082457978004892e-05, 0.0, 0.0, 0.013228526237869007, 0.02725602055845168]]

FITNESS ARRAY OF CHILD 
[3.916177931807513e+28, 5.382245948556265e+26, 9.473394317650416e+29, 1.4416647458510835e+38, 2.5196058764134848e+30, 4.264975378249837e+38, 1.734109960693316e+26, 9.235937700850872e+20, 2.1648903429927307e+21, 9.945682386767488e+29]
test error of child : 
[1.354259319494364e+28, 1.8450787641801087e+26, 3.274868626457772e+29, 7.145479988551604e+37, 8.714244442795915e+29, 2.1138781903195783e+38, 5.946285389634224e+25, 3.142824680075621e+20, 7.412966729698082e+20, 3.438106679723254e+29]
validation error of child : 
[2.5619186123131486e+28, 3.537167184376156e+26, 6.198525691192643e+29, 7.271167469959231e+37, 1.6481814321338932e+30, 2.1510971879302593e+38, 1.1394814217298938e+26, 6.09311302077525e+20, 1.4235936700229225e+21, 6.507575707044234e+29]



