GENERATION : 1

POPULATION ARRAY : 
[[0.016307981472373258, 0.0030021156345732374, -2.5847086771511874e-06, 0.07950860832601615, -0.7830747228947925, 0.0, -2.7328760801102547e-05, 0.0, 0.0, 0.0, 0.0], [0.01355856891258608, 0.001136530642118993, 4.4421565739393014e-06, 0.07691598795667136, -0.7838320546861741, 0.0, -3.438835998409932e-05, 0.0, 0.0, 0.0, 0.0], [0.013016246631645651, 0.0003050530310712928, 3.866310323809442e-06, 0.07432870953298341, -0.7837755011980708, 0.0, -3.209253274750442e-05, 0.0, 0.0, 0.0, 0.0], [0.013287438227046927, -0.00044691995228115665, -2.379721629881549e-05, 0.05529762670858671, -0.7829175813266334, 0.0, -1.73687513807748e-05, 0.0, 0.0, 0.0, 0.0], [-0.0036713924954224417, -0.0012687010003726482, -1.3852884982307894e-05, -0.005283672574726471, -0.7820353104775084, 0.0, 3.855169074992219e-05, 0.0, 0.0, 0.0, 0.0], [0.0650194903436972, -0.00022446756218410624, -2.648910153322379e-05, 0.07169670874151451, 2.095878087448188, 0.0, -3.250616059232478e-05, 0.0, 0.0, 0.0, 0.0], [0.013214793118925013, -0.003175908058327376, -3.136350224522896e-05, 0.21084111316417534, -0.7826725628922708, 0.0, -1.2808620886055714e-05, -0.022554627911381867, 0.0, 0.0, 0.0], [0.013280125002732578, 0.0020682217389482336, 6.016374212592684e-05, -0.15831130540526606, -0.7829407168535817, 0.0, -1.7765807623358557e-05, -0.003689016691627786, 0.0, -0.03278839675658346, 0.0], [0.0042799307067875525, 0.0031572425330456066, -1.6306360289268145e-06, 0.3448279778132091, -0.4562487401936402, 0.0, -2.7776731061548646e-05, 0.0, 0.0, -0.01711383448282039, -0.015264250979170092], [0.013631214020707997, 0.0015607907711677142, -4.854302032943829e-05, 0.08270828028670693, -0.7840770731205366, 0.0, -3.8948490478818415e-05, 0.0, -0.04918964831511263, 0.016782020387196714, 0.02785819576287317]]

FITNESS ARRAY OF POPULATION : 
[424410731339.26685, 425173264115.19244, 425226929066.0966, 425236238266.57776, 426885730764.848, 78049829496387.47, 5.371853645361609e+19, 6.049067095052588e+26, 3.200639922418288e+29, 1.0424000360804611e+30]
test error of parent : 
[297613273500.9022, 298002749959.32434, 298060960541.379, 298309718490.8384, 299859412986.54767, 26890199284673.297, 1.818490598975572e+19, 2.0736691961170323e+26, 1.1059886149991427e+29, 3.603235867549381e+29]
validation error of parent : 
[126797457838.36462, 127170514155.86812, 127165968524.71758, 126926519775.73941, 127026317778.30032, 51159630211714.164, 3.5533630463860367e+19, 3.975397898935556e+26, 2.0946513074191455e+29, 6.82076449325523e+29]

CHILD ARRAY : 

Mating pool
parent 1 : [0.013287438227046927, -0.00044691995228115665, -2.379721629881549e-05, 0.05529762670858671, -0.7829175813266334, 0.0, -1.73687513807748e-05, 0.0, 0.0, 0.0, 0.0]
parent 2 : [0.013287438227046927, -0.00044691995228115665, -2.379721629881549e-05, 0.05529762670858671, -0.7829175813266334, 0.0, -1.73687513807748e-05, 0.0, 0.0, 0.0, 0.0]
child 1 : [0.013287438227046927, -0.00044691995228115665, -2.379721629881549e-05, 0.05529762670858671, -0.7829175813266334, 0.0, -1.73687513807748e-05, 0.0, 0.0, 0.0, 0.0]
child 2 : [0.013287438227046927, -0.00044691995228115665, -2.379721629881549e-05, 0.05529762670858671, -0.7829175813266334, 0.0, -1.73687513807748e-05, 0.0, 0.0, 0.0, 0.0]

child1 before mutation
[0.013287438227046927, -0.00044691995228115665, -2.379721629881549e-05, 0.05529762670858671, -0.7829175813266334, 0.0, -1.73687513807748e-05, 0.0, 0.0, 0.0, 0.0]
child vector after mutation
[0.013287438227046927, -0.00044691995228115665, -2.379721629881549e-05, 0.05529762670858671, 1.9563209751757762, 0.0, -1.73687513807748e-05, 0.0, 0.0, 0.0, 0.0]

child2 before mutation
[0.013287438227046927, -0.00044691995228115665, -2.379721629881549e-05, 0.05529762670858671, -0.7829175813266334, 0.0, -1.73687513807748e-05, 0.0, 0.0, 0.0, 0.0]
child vector after mutation
[0.013287438227046927, -0.0006967967107447701, -2.379721629881549e-05, 0.05529762670858671, -0.7829175813266334, 0.0, -4.353215724537754e-05, 0.0, 0.0, 0.0417993889491665, 0.0]


Mating pool
parent 1 : [0.013287438227046927, -0.00044691995228115665, -2.379721629881549e-05, 0.05529762670858671, -0.7829175813266334, 0.0, -1.73687513807748e-05, 0.0, 0.0, 0.0, 0.0]
parent 2 : [-0.0036713924954224417, -0.0012687010003726482, -1.3852884982307894e-05, -0.005283672574726471, -0.7820353104775084, 0.0, 3.855169074992219e-05, 0.0, 0.0, 0.0, 0.0]
child 1 : [0.015382214772259147, -0.0003454125020911407, -2.502555287110284e-05, 0.06278070657971405, -0.7830265605547132, 0.0, -2.4276116192080872e-05, 0.0, 0.0, 0.0, 0.0]
child 2 : [-0.005766169040634661, -0.0013702084505626641, -1.2624548410020542e-05, -0.012766752445853803, -0.7819263312494286, 0.0, 4.5459055561228266e-05, 0.0, 0.0, 0.0, 0.0]

child1 before mutation
[0.015382214772259147, -0.0003454125020911407, -2.502555287110284e-05, 0.06278070657971405, -0.7830265605547132, 0.0, -2.4276116192080872e-05, 0.0, 0.0, 0.0, 0.0]
child vector after mutation
[0.015382214772259147, -0.0015889001057584613, -5.172998701513215e-06, 0.06278070657971405, 3.372931972582719, 0.0, 0.00012134453938874645, 0.0, 0.0, 0.0, 0.0]

child2 before mutation
[-0.005766169040634661, -0.0013702084505626641, -1.2624548410020542e-05, -0.012766752445853803, -0.7819263312494286, 0.0, 4.5459055561228266e-05, 0.0, 0.0, 0.0, 0.0]
child vector after mutation
[-0.005766169040634661, 0.0028314310556260738, -1.2624548410020542e-05, -0.012766752445853803, -0.7819263312494286, -0.0422198003384357, 4.5459055561228266e-05, 0.0, 0.0, 0.0, 0.0]


Mating pool
parent 1 : [0.016307981472373258, 0.0030021156345732374, -2.5847086771511874e-06, 0.07950860832601615, -0.7830747228947925, 0.0, -2.7328760801102547e-05, 0.0, 0.0, 0.0, 0.0]
parent 2 : [0.013016246631645651, 0.0003050530310712928, 3.866310323809442e-06, 0.07432870953298341, -0.7837755011980708, 0.0, -3.209253274750442e-05, 0.0, 0.0, 0.0, 0.0]
child 1 : [0.016620016652321587, 0.0032577797313294685, -3.196223568906534e-06, 0.07999962924058071, -0.7830082936425752, 0.0, -2.687718602109999e-05, 0.0, 0.0, 0.0, 0.0]
child 2 : [0.012704211451697318, 4.938893431506117e-05, 4.477825215564788e-06, 0.07383768861841884, -0.7838419304502882, 0.0, -3.254410752750697e-05, 0.0, 0.0, 0.0, 0.0]

child1 before mutation
[0.016620016652321587, 0.0032577797313294685, -3.196223568906534e-06, 0.07999962924058071, -0.7830082936425752, 0.0, -2.687718602109999e-05, 0.0, 0.0, 0.0, 0.0]
child vector after mutation
[0.016620016652321587, 0.0032577797313294685, -7.529579605517151e-06, 0.07999962924058071, 0.17741275806536627, -0.02684957619658166, -2.687718602109999e-05, 0.0, 0.01043225098040211, -0.041301232420556104, 0.0]

child2 before mutation
[0.012704211451697318, 4.938893431506117e-05, 4.477825215564788e-06, 0.07383768861841884, -0.7838419304502882, 0.0, -3.254410752750697e-05, 0.0, 0.0, 0.0, 0.0]
child vector after mutation
[0.012704211451697318, 9.683630199946055e-05, -1.4492093581646179e-05, -0.22576310161703086, -0.7838419304502882, 0.0, 1.8687175429183542e-05, 0.0, 0.0, 0.0, 0.0]


Mating pool
parent 1 : [0.013287438227046927, -0.00044691995228115665, -2.379721629881549e-05, 0.05529762670858671, -0.7829175813266334, 0.0, -1.73687513807748e-05, 0.0, 0.0, 0.0, 0.0]
parent 2 : [-0.0036713924954224417, -0.0012687010003726482, -1.3852884982307894e-05, -0.005283672574726471, -0.7820353104775084, 0.0, 3.855169074992219e-05, 0.0, 0.0, 0.0, 0.0]
child 1 : [0.011139261667886213, -0.0005510150289501934, -2.2537566988067558e-05, 0.047623788271630864, -0.7828058240016187, 0.0, -1.0285304123771055e-05, 0.0, 0.0, 0.0, 0.0]
child 2 : [-0.0015232159362617275, -0.0011646059237036114, -1.5112534293055828e-05, 0.002390165862229377, -0.7821470678025231, 0.0, 3.1468243492918446e-05, 0.0, 0.0, 0.0, 0.0]

child1 before mutation
[0.011139261667886213, -0.0005510150289501934, -2.2537566988067558e-05, 0.047623788271630864, -0.7828058240016187, 0.0, -1.0285304123771055e-05, 0.0, 0.0, 0.0, 0.0]
child vector after mutation
[0.011139261667886213, -0.0005510150289501934, -2.2537566988067558e-05, 0.047623788271630864, -0.7828058240016187, -0.008279741608441749, 3.2785349164340946e-05, -0.03238211915693227, -0.005074811929336599, 0.0, 0.0]

child2 before mutation
[-0.0015232159362617275, -0.0011646059237036114, -1.5112534293055828e-05, 0.002390165862229377, -0.7821470678025231, 0.0, 3.1468243492918446e-05, 0.0, 0.0, 0.0, 0.0]
child vector after mutation
[-0.0015232159362617275, -0.0011646059237036114, -1.5112534293055828e-05, 0.002390165862229377, -0.7821470678025231, 0.0, 3.1468243492918446e-05, -0.028491765005418945, 0.0, 0.0, 0.0]


Mating pool
parent 1 : [0.013287438227046927, -0.00044691995228115665, -2.379721629881549e-05, 0.05529762670858671, -0.7829175813266334, 0.0, -1.73687513807748e-05, 0.0, 0.0, 0.0, 0.0]
parent 2 : [0.01355856891258608, 0.001136530642118993, 4.4421565739393014e-06, 0.07691598795667136, -0.7838320546861741, 0.0, -3.438835998409932e-05, 0.0, 0.0, 0.0, 0.0]
child 1 : [0.013324525141392084, -0.00023032589009476667, -1.9934462067179247e-05, 0.05825471845309378, -0.7830426685888472, 0.0, -1.969679759658551e-05, 0.0, 0.0, 0.0, 0.0]
child 2 : [0.013521481998240924, 0.0009199365799326029, 5.794023423030554e-07, 0.0739588962121643, -0.7837069674239605, 0.0, -3.2060313768288615e-05, 0.0, 0.0, 0.0, 0.0]

child1 before mutation
[0.013324525141392084, -0.00023032589009476667, -1.9934462067179247e-05, 0.05825471845309378, -0.7830426685888472, 0.0, -1.969679759658551e-05, 0.0, 0.0, 0.0, 0.0]
child vector after mutation
[-0.007866896029810678, -0.00023032589009476667, -1.7275972178058345e-05, 0.05825471845309378, -0.7830426685888472, 0.0, -6.898189266065542e-05, 0.01630816667436849, 0.0, 0.009039641653523854, 0.0]

child2 before mutation
[0.013521481998240924, 0.0009199365799326029, 5.794023423030554e-07, 0.0739588962121643, -0.7837069674239605, 0.0, -3.2060313768288615e-05, 0.0, 0.0, 0.0, 0.0]
child vector after mutation
[0.010426839017541656, 0.0009199365799326029, 1.2820259811497021e-06, -0.3244499994819434, -1.0223886630701884, -0.013403509565960835, -3.2060313768288615e-05, 0.0, 0.0005555603219287719, 0.0, 0.0]


CHILD ARRAY OBTAINED
[[0.013287438227046927, -0.00044691995228115665, -2.379721629881549e-05, 0.05529762670858671, 1.9563209751757762, 0.0, -1.73687513807748e-05, 0.0, 0.0, 0.0, 0.0], [0.013287438227046927, -0.0006967967107447701, -2.379721629881549e-05, 0.05529762670858671, -0.7829175813266334, 0.0, -4.353215724537754e-05, 0.0, 0.0, 0.0417993889491665, 0.0], [0.015382214772259147, -0.0015889001057584613, -5.172998701513215e-06, 0.06278070657971405, 3.372931972582719, 0.0, 0.00012134453938874645, 0.0, 0.0, 0.0, 0.0], [-0.005766169040634661, 0.0028314310556260738, -1.2624548410020542e-05, -0.012766752445853803, -0.7819263312494286, -0.0422198003384357, 4.5459055561228266e-05, 0.0, 0.0, 0.0, 0.0], [0.016620016652321587, 0.0032577797313294685, -7.529579605517151e-06, 0.07999962924058071, 0.17741275806536627, -0.02684957619658166, -2.687718602109999e-05, 0.0, 0.01043225098040211, -0.041301232420556104, 0.0], [0.012704211451697318, 9.683630199946055e-05, -1.4492093581646179e-05, -0.22576310161703086, -0.7838419304502882, 0.0, 1.8687175429183542e-05, 0.0, 0.0, 0.0, 0.0], [0.011139261667886213, -0.0005510150289501934, -2.2537566988067558e-05, 0.047623788271630864, -0.7828058240016187, -0.008279741608441749, 3.2785349164340946e-05, -0.03238211915693227, -0.005074811929336599, 0.0, 0.0], [-0.0015232159362617275, -0.0011646059237036114, -1.5112534293055828e-05, 0.002390165862229377, -0.7821470678025231, 0.0, 3.1468243492918446e-05, -0.028491765005418945, 0.0, 0.0, 0.0], [-0.007866896029810678, -0.00023032589009476667, -1.7275972178058345e-05, 0.05825471845309378, -0.7830426685888472, 0.0, -6.898189266065542e-05, 0.01630816667436849, 0.0, 0.009039641653523854, 0.0], [0.010426839017541656, 0.0009199365799326029, 1.2820259811497021e-06, -0.3244499994819434, -1.0223886630701884, -0.013403509565960835, -3.2060313768288615e-05, 0.0, 0.0005555603219287719, 0.0, 0.0]]

FITNESS ARRAY OF CHILD 
[70575527467435.98, 9.829823736592167e+26, 163772730810434.78, 1.3185133021935843e+39, 5.3324654910125695e+38, 437700880922.8893, 5.070908125378674e+37, 8.572057068869042e+19, 4.604515342258371e+25, 1.328890577423777e+38]
test error of child : 
[24316954694190.613, 3.36974547442877e+26, 56457487565189.61, 6.5350369702130006e+38, 2.6429651306869325e+38, 307678728019.24884, 2.513328603177355e+37, 2.90177978950863e+19, 1.5784480093083885e+25, 6.58647056508439e+37]
validation error of child : 
[46258572773245.375, 6.460078262163397e+26, 107315243245245.17, 6.650096051722843e+38, 2.6895003603256374e+38, 130022152903.64043, 2.5575795222013194e+37, 5.670277279360413e+19, 3.0260673329499823e+25, 6.7024352091533805e+37]



