GENERATION : 8

POPULATION ARRAY : 
[[0.016307981472373258, 0.0030021156345732374, -2.5847086771511874e-06, 0.07950860832601615, -0.7830747228947925, 0.0, -2.7328760801102547e-05, 0.0, 0.0, 0.0, 0.0], [0.01355856891258608, 0.001136530642118993, 4.4421565739393014e-06, 0.07691598795667136, -0.7838320546861741, 0.0, -3.438835998409932e-05, 0.0, 0.0, 0.0, 0.0], [0.01355856891258608, 0.001136530642118993, 4.4421565739393014e-06, 0.07691598795667136, -0.7838320546861741, 0.0, -3.438835998409932e-05, 0.0, 0.0, 0.0, 0.0], [0.013016246631645651, 0.0003050530310712928, 3.866310323809442e-06, 0.07432870953298341, -0.7837755011980708, 0.0, -3.209253274750442e-05, 0.0, 0.0, 0.0, 0.0], [0.013287438227046927, -0.00044691995228115665, -2.379721629881549e-05, 0.05529762670858671, -0.7829175813266334, 0.0, -1.73687513807748e-05, 0.0, 0.0, 0.0, 0.0], [0.013676619237040964, 0.00131752302471287, 4.567504248289097e-06, 0.0774791753234929, -0.7838443650002701, 0.0, -3.488810554074954e-05, 0.0, 0.04351818224575621, 0.0, 0.0], [0.01460468530786089, 0.0001240606484774158, 3.7409626494596464e-06, 0.30135597561589167, -0.7837631908839748, 0.0, -2.5638213663428825e-05, -0.03103720843582134, 0.0, 0.03700754221260817, 0.0], [0.01946530015736076, 0.005144481040645292, -1.0654088034272758e-05, 0.10851844174449143, -2.3711097694982644, 0.0, -1.922179106691191e-05, 0.0, 0.0, -0.045727344434061304, 0.0], [0.01355856891258608, -0.004232508187281756, 2.9025664804127616e-06, 0.07691598795667137, -0.7838320546861741, 0.0, -3.438835998409932e-05, 0.0, 0.0, 0.0, -0.006290895953698618], [0.01643213960562017, 0.0030863618308205206, -2.9020282693118236e-06, 0.303882522226849, -0.7197779153047925, 0.0, -2.7009963008129574e-05, 0.0, 0.03700185702808571, 0.0, 0.013227119840876905]]

FITNESS ARRAY OF POPULATION : 
[424410731339.26685, 425173264115.19244, 425173264115.19244, 425226929066.0966, 425236238266.57776, 4.595969491196349e+23, 7.69966927677346e+26, 1.1764079724494881e+27, 5.194062145075458e+28, 2.301726303590995e+29]
test error of parent : 
[297613273500.9022, 298002749959.32434, 298002749959.32434, 298060960541.379, 298309718490.8384, 1.5639098011656837e+23, 2.6395248701162665e+26, 4.032824603745992e+26, 1.7960878306652942e+28, 7.959121225708923e+28]
validation error of parent : 
[126797457838.36462, 127170514155.86812, 127170514155.86812, 127165968524.71758, 126926519775.73941, 3.032059690030665e+23, 5.0601444066571934e+26, 7.731255120748889e+26, 3.397974314410163e+28, 1.5058141810201025e+29]

CHILD ARRAY : 

Mating pool
parent 1 : [0.013016246631645651, 0.0003050530310712928, 3.866310323809442e-06, 0.07432870953298341, -0.7837755011980708, 0.0, -3.209253274750442e-05, 0.0, 0.0, 0.0, 0.0]
parent 2 : [0.016307981472373258, 0.0030021156345732374, -2.5847086771511874e-06, 0.07950860832601615, -0.7830747228947925, 0.0, -2.7328760801102547e-05, 0.0, 0.0, 0.0, 0.0]
child 1 : [0.013324576708058351, 0.0005576813741378853, 3.2620565555848086e-06, 0.07481390006865633, -0.7837098607263279, 0.0, -3.1646319963268705e-05, 0.0, 0.0, 0.0, 0.0]
child 2 : [0.01599965139596056, 0.002749487291506645, -1.9804549089265544e-06, 0.07902341779034323, -0.7831403633665355, 0.0, -2.777497358533826e-05, 0.0, 0.0, 0.0, 0.0]

child1 before mutation
[0.013324576708058351, 0.0005576813741378853, 3.2620565555848086e-06, 0.07481390006865633, -0.7837098607263279, 0.0, -3.1646319963268705e-05, 0.0, 0.0, 0.0, 0.0]
child vector after mutation
[0.013324576708058351, -1.3381798580410325e-05, 3.2620565555848086e-06, 0.07481390006865633, -0.1899016739073732, 0.0, 0.00013481509450571384, 0.0, 0.0, -0.02842489819365958, -0.039811106399379084]

child2 before mutation
[0.01599965139596056, 0.002749487291506645, -1.9804549089265544e-06, 0.07902341779034323, -0.7831403633665355, 0.0, -2.777497358533826e-05, 0.0, 0.0, 0.0, 0.0]
child vector after mutation
[-0.06852387924601415, 0.002749487291506645, -1.9804549089265544e-06, 0.07902341779034323, 1.7529199534900772, 0.0, 7.612151973483889e-05, -0.011439253202950042, -0.006336134403852146, 0.0, -0.040594152206421166]


Mating pool
parent 1 : [0.013287438227046927, -0.00044691995228115665, -2.379721629881549e-05, 0.05529762670858671, -0.7829175813266334, 0.0, -1.73687513807748e-05, 0.0, 0.0, 0.0, 0.0]
parent 2 : [0.016307981472373258, 0.0030021156345732374, -2.5847086771511874e-06, 0.07950860832601615, -0.7830747228947925, 0.0, -2.7328760801102547e-05, 0.0, 0.0, 0.0, 0.0]
child 1 : [0.01315603695774094, -0.0005969617219844798, -2.4720014021033975e-05, 0.05424438778522529, -0.78291074527105, 0.0, -1.693546578482921e-05, 0.0, 0.0, 0.0, 0.0]
child 2 : [0.01643938274167924, 0.00315215740427656, -1.6619109549326987e-06, 0.08056184724937757, -0.7830815589503757, 0.0, -2.7762046397048133e-05, 0.0, 0.0, 0.0, 0.0]

child1 before mutation
[0.01315603695774094, -0.0005969617219844798, -2.4720014021033975e-05, 0.05424438778522529, -0.78291074527105, 0.0, -1.693546578482921e-05, 0.0, 0.0, 0.0, 0.0]
child vector after mutation
[0.01315603695774094, 0.0010168433870233126, -2.4720014021033975e-05, 0.05424438778522529, -0.78291074527105, -0.023668559111178735, -1.693546578482921e-05, 0.0, 0.0, 0.0, 0.0]

child2 before mutation
[0.01643938274167924, 0.00315215740427656, -1.6619109549326987e-06, 0.08056184724937757, -0.7830815589503757, 0.0, -2.7762046397048133e-05, 0.0, 0.0, 0.0, 0.0]
child vector after mutation
[-0.0005080684206474417, 0.00315215740427656, -1.6619109549326987e-06, 0.08056184724937757, -0.7830815589503757, -0.018139453315518937, -9.25495250243096e-05, 0.017146326663930164, 0.0, 0.0, 0.0]


Mating pool
parent 1 : [0.013016246631645651, 0.0003050530310712928, 3.866310323809442e-06, 0.07432870953298341, -0.7837755011980708, 0.0, -3.209253274750442e-05, 0.0, 0.0, 0.0, 0.0]
parent 2 : [0.01355856891258608, 0.001136530642118993, 4.4421565739393014e-06, 0.07691598795667136, -0.7838320546861741, 0.0, -3.438835998409932e-05, 0.0, 0.0, 0.0, 0.0]
child 1 : [0.013047061652666758, 0.0003522980013841184, 3.899030193389401e-06, 0.07447571997643256, -0.7837787145953181, 0.0, -3.2222982789929046e-05, 0.0, 0.0, 0.0, 0.0]
child 2 : [0.013527753891564973, 0.001089285671806167, 4.409436704359342e-06, 0.07676897751322222, -0.7838288412889268, 0.0, -3.425790994167469e-05, 0.0, 0.0, 0.0, 0.0]

child1 before mutation
[0.013047061652666758, 0.0003522980013841184, 3.899030193389401e-06, 0.07447571997643256, -0.7837787145953181, 0.0, -3.2222982789929046e-05, 0.0, 0.0, 0.0, 0.0]
child vector after mutation
[0.013047061652666758, 0.0013723529307584571, 3.899030193389401e-06, 0.07447571997643256, -0.7837787145953181, 0.0, -3.2222982789929046e-05, 0.04123192096586829, 0.0, -0.03666415154990399, 0.0]

child2 before mutation
[0.013527753891564973, 0.001089285671806167, 4.409436704359342e-06, 0.07676897751322222, -0.7838288412889268, 0.0, -3.425790994167469e-05, 0.0, 0.0, 0.0, 0.0]
child vector after mutation
[0.013527753891564973, -0.00035205137611405465, 1.957616699892489e-05, -0.13294318142743378, 2.5001153337164945, 0.026829593152694967, 8.245214003635335e-05, 0.0, 0.020033104810984192, 0.0, 0.0]


Mating pool
parent 1 : [0.013016246631645651, 0.0003050530310712928, 3.866310323809442e-06, 0.07432870953298341, -0.7837755011980708, 0.0, -3.209253274750442e-05, 0.0, 0.0, 0.0, 0.0]
parent 2 : [0.013287438227046927, -0.00044691995228115665, -2.379721629881549e-05, 0.05529762670858671, -0.7829175813266334, 0.0, -1.73687513807748e-05, 0.0, 0.0, 0.0, 0.0]
child 1 : [0.013014465076929492, 0.0003099930109144507, 4.048041937752782e-06, 0.07445373153194787, -0.7837811371809661, 0.0, -3.218925854055411e-05, 0.0, 0.0, 0.0, 0.0]
child 2 : [0.013289219781763086, -0.00045185993212431457, -2.397894791275883e-05, 0.05517260470962226, -0.7829119453437381, 0.0, -1.7272025587725108e-05, 0.0, 0.0, 0.0, 0.0]

child1 before mutation
[0.013014465076929492, 0.0003099930109144507, 4.048041937752782e-06, 0.07445373153194787, -0.7837811371809661, 0.0, -3.218925854055411e-05, 0.0, 0.0, 0.0, 0.0]
child vector after mutation
[0.013014465076929492, -0.0009038616390086637, 4.048041937752782e-06, 0.07445373153194787, -0.7837811371809661, 0.0, -3.218925854055411e-05, 0.0, 0.0, 0.0, 0.0]

child2 before mutation
[0.013289219781763086, -0.00045185993212431457, -2.397894791275883e-05, 0.05517260470962226, -0.7829119453437381, 0.0, -1.7272025587725108e-05, 0.0, 0.0, 0.0, 0.0]
child vector after mutation
[0.013289219781763086, -0.00045185993212431457, -8.945560704993985e-05, 0.05517260470962226, -0.7829119453437381, 0.0, -1.7272025587725108e-05, 0.0, -0.04379584524379437, 0.014838853481456055, -0.0048182737677290866]


Mating pool
parent 1 : [0.013016246631645651, 0.0003050530310712928, 3.866310323809442e-06, 0.07432870953298341, -0.7837755011980708, 0.0, -3.209253274750442e-05, 0.0, 0.0, 0.0, 0.0]
parent 2 : [0.01355856891258608, 0.001136530642118993, 4.4421565739393014e-06, 0.07691598795667136, -0.7838320546861741, 0.0, -3.438835998409932e-05, 0.0, 0.0, 0.0, 0.0]
child 1 : [0.013034533390784806, 0.00033308992230220803, 3.885727489667075e-06, 0.0744159509003819, -0.783777408145382, 0.0, -3.216994656798755e-05, 0.0, 0.0, 0.0, 0.0]
child 2 : [0.013540282153446926, 0.0011084937508880777, 4.422739408081669e-06, 0.07682874658927287, -0.783830147738863, 0.0, -3.43109461636162e-05, 0.0, 0.0, 0.0, 0.0]

child1 before mutation
[0.013034533390784806, 0.00033308992230220803, 3.885727489667075e-06, 0.0744159509003819, -0.783777408145382, 0.0, -3.216994656798755e-05, 0.0, 0.0, 0.0, 0.0]
child vector after mutation
[0.04156573588968244, 0.0008139384713763678, 3.885727489667075e-06, -0.07069249242343256, -0.783777408145382, -0.04861751650306431, -3.5325140043894078e-06, 0.0, 0.0, 0.0, -0.0072011441089473785]

child2 before mutation
[0.013540282153446926, 0.0011084937508880777, 4.422739408081669e-06, 0.07682874658927287, -0.783830147738863, 0.0, -3.43109461636162e-05, 0.0, 0.0, 0.0, 0.0]
child vector after mutation
[0.013540282153446926, 0.0011084937508880777, 4.422739408081669e-06, 0.07682874658927287, -3.706020340785066, 0.0, -3.43109461636162e-05, 0.0, 0.0, -0.03697108351819094, 0.0]


CHILD ARRAY OBTAINED
[[0.013324576708058351, -1.3381798580410325e-05, 3.2620565555848086e-06, 0.07481390006865633, -0.1899016739073732, 0.0, 0.00013481509450571384, 0.0, 0.0, -0.02842489819365958, -0.039811106399379084], [-0.06852387924601415, 0.002749487291506645, -1.9804549089265544e-06, 0.07902341779034323, 1.7529199534900772, 0.0, 7.612151973483889e-05, -0.011439253202950042, -0.006336134403852146, 0.0, -0.040594152206421166], [0.01315603695774094, 0.0010168433870233126, -2.4720014021033975e-05, 0.05424438778522529, -0.78291074527105, -0.023668559111178735, -1.693546578482921e-05, 0.0, 0.0, 0.0, 0.0], [-0.0005080684206474417, 0.00315215740427656, -1.6619109549326987e-06, 0.08056184724937757, -0.7830815589503757, -0.018139453315518937, -9.25495250243096e-05, 0.017146326663930164, 0.0, 0.0, 0.0], [0.013047061652666758, 0.0013723529307584571, 3.899030193389401e-06, 0.07447571997643256, -0.7837787145953181, 0.0, -3.2222982789929046e-05, 0.04123192096586829, 0.0, -0.03666415154990399, 0.0], [0.013527753891564973, -0.00035205137611405465, 1.957616699892489e-05, -0.13294318142743378, 2.5001153337164945, 0.026829593152694967, 8.245214003635335e-05, 0.0, 0.020033104810984192, 0.0, 0.0], [0.013014465076929492, -0.0009038616390086637, 4.048041937752782e-06, 0.07445373153194787, -0.7837811371809661, 0.0, -3.218925854055411e-05, 0.0, 0.0, 0.0, 0.0], [0.013289219781763086, -0.00045185993212431457, -8.945560704993985e-05, 0.05517260470962226, -0.7829119453437381, 0.0, -1.7272025587725108e-05, 0.0, -0.04379584524379437, 0.014838853481456055, -0.0048182737677290866], [0.04156573588968244, 0.0008139384713763678, 3.885727489667075e-06, -0.07069249242343256, -0.783777408145382, -0.04861751650306431, -3.5325140043894078e-06, 0.0, 0.0, 0.0, -0.0072011441089473785], [0.013540282153446926, 0.0011084937508880777, 4.422739408081669e-06, 0.07682874658927287, -3.706020340785066, 0.0, -3.43109461636162e-05, 0.0, 0.0, -0.03697108351819094, 0.0]]

FITNESS ARRAY OF CHILD 
[2.141675222896726e+30, 2.1630639160287527e+30, 4.1437715569223045e+38, 2.433887798464799e+38, 7.555578427861264e+26, 5.324518612727188e+38, 425226911151.49493, 2.6956510847808684e+28, 1.7484070196846584e+39, 7.690073731266701e+26]
test error of child : 
[7.40245945772012e+29, 7.479786641392575e+29, 2.0538056214944875e+38, 1.2063243290283571e+38, 2.590133885282138e+26, 2.639027289250742e+38, 298059358262.98914, 9.341789226643082e+27, 8.665734230072811e+38, 2.6362213330639578e+26]
validation error of child : 
[1.401429277124714e+30, 1.4150852518894952e+30, 2.089965935427817e+38, 1.227563469436442e+38, 4.965444542579126e+26, 2.6854913234764455e+38, 127167552888.50581, 1.7614721621165604e+28, 8.818335966773773e+38, 5.053852398202742e+26]


