GENERATION : 9

POPULATION ARRAY : 
[[0.016307981472373258, 0.0030021156345732374, -2.5847086771511874e-06, 0.07950860832601615, -0.7830747228947925, 0.0, -2.7328760801102547e-05, 0.0, 0.0, 0.0, 0.0], [0.01355856891258608, 0.001136530642118993, 4.4421565739393014e-06, 0.07691598795667136, -0.7838320546861741, 0.0, -3.438835998409932e-05, 0.0, 0.0, 0.0, 0.0], [0.01355856891258608, 0.001136530642118993, 4.4421565739393014e-06, 0.07691598795667136, -0.7838320546861741, 0.0, -3.438835998409932e-05, 0.0, 0.0, 0.0, 0.0], [0.013016246631645651, 0.0003050530310712928, 3.866310323809442e-06, 0.07432870953298341, -0.7837755011980708, 0.0, -3.209253274750442e-05, 0.0, 0.0, 0.0, 0.0], [0.013287438227046927, -0.00044691995228115665, -2.379721629881549e-05, 0.05529762670858671, -0.7829175813266334, 0.0, -1.73687513807748e-05, 0.0, 0.0, 0.0, 0.0], [0.013014465076929492, -0.0009038616390086637, 4.048041937752782e-06, 0.07445373153194787, -0.7837811371809661, 0.0, -3.218925854055411e-05, 0.0, 0.0, 0.0, 0.0], [0.013047061652666758, 0.0013723529307584571, 3.899030193389401e-06, 0.07447571997643256, -0.7837787145953181, 0.0, -3.2222982789929046e-05, 0.04123192096586829, 0.0, -0.03666415154990399, 0.0], [0.013540282153446926, 0.0011084937508880777, 4.422739408081669e-06, 0.07682874658927287, -3.706020340785066, 0.0, -3.43109461636162e-05, 0.0, 0.0, -0.03697108351819094, 0.0], [0.013289219781763086, -0.00045185993212431457, -8.945560704993985e-05, 0.05517260470962226, -0.7829119453437381, 0.0, -1.7272025587725108e-05, 0.0, -0.04379584524379437, 0.014838853481456055, -0.0048182737677290866], [0.013324576708058351, -1.3381798580410325e-05, 3.2620565555848086e-06, 0.07481390006865633, -0.1899016739073732, 0.0, 0.00013481509450571384, 0.0, 0.0, -0.02842489819365958, -0.039811106399379084]]

FITNESS ARRAY OF POPULATION : 
[424410731339.26685, 425173264115.19244, 425173264115.19244, 425226929066.0966, 425236238266.57776, 425226911151.49493, 7.555578427861264e+26, 7.690073731266701e+26, 2.6956510847808684e+28, 2.141675222896726e+30]
test error of parent : 
[297613273500.9022, 298002749959.32434, 298002749959.32434, 298060960541.379, 298309718490.8384, 298059358262.98914, 2.590133885282138e+26, 2.6362213330639578e+26, 9.341789226643082e+27, 7.40245945772012e+29]
validation error of parent : 
[126797457838.36462, 127170514155.86812, 127170514155.86812, 127165968524.71758, 126926519775.73941, 127167552888.50581, 4.965444542579126e+26, 5.053852398202742e+26, 1.7614721621165604e+28, 1.401429277124714e+30]

CHILD ARRAY : 

Mating pool
parent 1 : [0.016307981472373258, 0.0030021156345732374, -2.5847086771511874e-06, 0.07950860832601615, -0.7830747228947925, 0.0, -2.7328760801102547e-05, 0.0, 0.0, 0.0, 0.0]
parent 2 : [0.01355856891258608, 0.001136530642118993, 4.4421565739393014e-06, 0.07691598795667136, -0.7838320546861741, 0.0, -3.438835998409932e-05, 0.0, 0.0, 0.0, 0.0]
child 1 : [0.01678124953188423, 0.003323246701676515, -3.794272832952559e-06, 0.07995488707995603, -0.7829443601574737, 0.0, -2.6113562014594957e-05, 0.0, 0.0, 0.0, 0.0]
child 2 : [0.01308530085307511, 0.0008153995750157161, 5.6517207297406724e-06, 0.07646970920273151, -0.7839624174234932, 0.0, -3.560355877060692e-05, 0.0, 0.0, 0.0, 0.0]

child1 before mutation
[0.01678124953188423, 0.003323246701676515, -3.794272832952559e-06, 0.07995488707995603, -0.7829443601574737, 0.0, -2.6113562014594957e-05, 0.0, 0.0, 0.0, 0.0]
child vector after mutation
[0.01678124953188423, 0.003323246701676515, -3.794272832952559e-06, 0.3625535149349204, 1.225294676142822, 0.0, -2.6113562014594957e-05, 0.0, 0.03331816906196766, 0.0, 0.0]

child2 before mutation
[0.01308530085307511, 0.0008153995750157161, 5.6517207297406724e-06, 0.07646970920273151, -0.7839624174234932, 0.0, -3.560355877060692e-05, 0.0, 0.0, 0.0, 0.0]
child vector after mutation
[-0.04770238226522218, -0.0012906578866506285, 5.6517207297406724e-06, 0.07646970920273151, -0.7839624174234932, -0.0492922864792538, -6.0117435075394366e-05, 0.0, -0.02162778180473146, 0.0, 0.0]


Mating pool
parent 1 : [0.013014465076929492, -0.0009038616390086637, 4.048041937752782e-06, 0.07445373153194787, -0.7837811371809661, 0.0, -3.218925854055411e-05, 0.0, 0.0, 0.0, 0.0]
parent 2 : [0.01355856891258608, 0.001136530642118993, 4.4421565739393014e-06, 0.07691598795667136, -0.7838320546861741, 0.0, -3.438835998409932e-05, 0.0, 0.0, 0.0, 0.0]
child 1 : [0.013076688988926572, -0.0006705216376701252, 4.093113030496024e-06, 0.07473531606976197, -0.7837869601253299, 0.0, -3.244074857927197e-05, 0.0, 0.0, 0.0, 0.0]
child 2 : [0.013496345000588997, 0.0009031906407804544, 4.3970854811960584e-06, 0.07663440341885724, -0.7838262317418103, 0.0, -3.413686994538146e-05, 0.0, 0.0, 0.0, 0.0]

child1 before mutation
[0.013076688988926572, -0.0006705216376701252, 4.093113030496024e-06, 0.07473531606976197, -0.7837869601253299, 0.0, -3.244074857927197e-05, 0.0, 0.0, 0.0, 0.0]
child vector after mutation
[-0.00727364672351756, -0.0006705216376701252, 4.093113030496024e-06, 0.2594117838653548, -0.7837869601253299, 0.0, -3.244074857927197e-05, 0.0, 0.0, 0.018418755634800693, 0.0]

child2 before mutation
[0.013496345000588997, 0.0009031906407804544, 4.3970854811960584e-06, 0.07663440341885724, -0.7838262317418103, 0.0, -3.413686994538146e-05, 0.0, 0.0, 0.0, 0.0]
child vector after mutation
[0.013496345000588997, -0.003205160923937473, 4.3970854811960584e-06, 0.07663440341885724, -0.09742604129772256, 0.0, -3.413686994538146e-05, -0.034616953323970495, 0.03944021780856925, 0.0, 0.0]


Mating pool
parent 1 : [0.013016246631645651, 0.0003050530310712928, 3.866310323809442e-06, 0.07432870953298341, -0.7837755011980708, 0.0, -3.209253274750442e-05, 0.0, 0.0, 0.0, 0.0]
parent 2 : [0.016307981472373258, 0.0030021156345732374, -2.5847086771511874e-06, 0.07950860832601615, -0.7830747228947925, 0.0, -2.7328760801102547e-05, 0.0, 0.0, 0.0, 0.0]
child 1 : [0.01242569366183276, -0.00017881289596592182, 5.023653978043329e-06, 0.07339941092189615, -0.7839012241764411, 0.0, -3.294717621260112e-05, 0.0, 0.0, 0.0, 0.0]
child 2 : [0.01689853444218615, 0.003485981561610452, -3.742052331385074e-06, 0.08043790693710341, -0.7829489999164222, 0.0, -2.6474117336005852e-05, 0.0, 0.0, 0.0, 0.0]

child1 before mutation
[0.01242569366183276, -0.00017881289596592182, 5.023653978043329e-06, 0.07339941092189615, -0.7839012241764411, 0.0, -3.294717621260112e-05, 0.0, 0.0, 0.0, 0.0]
child vector after mutation
[0.01242569366183276, -0.0005579255716838113, 8.693979972538286e-06, 0.09566688017905377, -0.7839012241764411, 0.0, -5.373131327074359e-06, 0.0, 0.00466595990597133, 0.02361940455575688, -0.0239256302714309]

child2 before mutation
[0.01689853444218615, 0.003485981561610452, -3.742052331385074e-06, 0.08043790693710341, -0.7829489999164222, 0.0, -2.6474117336005852e-05, 0.0, 0.0, 0.0, 0.0]
child vector after mutation
[-0.009796693792892868, 0.01572810627138195, -3.742052331385074e-06, -0.12922306371039513, -0.7829489999164222, 0.0, -2.6474117336005852e-05, 0.0, 0.0, -0.04224665528029307, 0.01554757637330717]


Mating pool
parent 1 : [0.01355856891258608, 0.001136530642118993, 4.4421565739393014e-06, 0.07691598795667136, -0.7838320546861741, 0.0, -3.438835998409932e-05, 0.0, 0.0, 0.0, 0.0]
parent 2 : [0.01355856891258608, 0.001136530642118993, 4.4421565739393014e-06, 0.07691598795667136, -0.7838320546861741, 0.0, -3.438835998409932e-05, 0.0, 0.0, 0.0, 0.0]
child 1 : [0.01355856891258608, 0.001136530642118993, 4.4421565739393014e-06, 0.07691598795667134, -0.783832054686174, 0.0, -3.4388359984099316e-05, 0.0, 0.0, 0.0, 0.0]
child 2 : [0.01355856891258608, 0.001136530642118993, 4.4421565739393014e-06, 0.07691598795667134, -0.783832054686174, 0.0, -3.4388359984099316e-05, 0.0, 0.0, 0.0, 0.0]

child1 before mutation
[0.01355856891258608, 0.001136530642118993, 4.4421565739393014e-06, 0.07691598795667134, -0.783832054686174, 0.0, -3.4388359984099316e-05, 0.0, 0.0, 0.0, 0.0]
child vector after mutation
[0.01355856891258608, -0.000820508538587787, 4.4421565739393014e-06, 0.07691598795667134, -0.783832054686174, 0.0, -3.4388359984099316e-05, -0.022216095850614404, 0.0, 0.031067690125355638, 0.0]

child2 before mutation
[0.01355856891258608, 0.001136530642118993, 4.4421565739393014e-06, 0.07691598795667134, -0.783832054686174, 0.0, -3.4388359984099316e-05, 0.0, 0.0, 0.0, 0.0]
child vector after mutation
[0.01355856891258608, 0.001311284336876787, 4.4421565739393014e-06, 0.07691598795667134, -0.783832054686174, 0.0, 0.00012808987656466058, -0.037369893743321836, 0.0, 0.0, 0.0]


Mating pool
parent 1 : [0.013016246631645651, 0.0003050530310712928, 3.866310323809442e-06, 0.07432870953298341, -0.7837755011980708, 0.0, -3.209253274750442e-05, 0.0, 0.0, 0.0, 0.0]
parent 2 : [0.016307981472373258, 0.0030021156345732374, -2.5847086771511874e-06, 0.07950860832601615, -0.7830747228947925, 0.0, -2.7328760801102547e-05, 0.0, 0.0, 0.0, 0.0]
child 1 : [0.012941241931756959, 0.00024359839364005787, 4.013301733371566e-06, 0.07421068157106551, -0.7837914689685228, 0.0, -3.220107894045933e-05, 0.0, 0.0, 0.0, 0.0]
child 2 : [0.01638298617226195, 0.0030635702720044717, -2.7317000867133107e-06, 0.07962663628793405, -0.7830587551243403, 0.0, -2.722021460814763e-05, 0.0, 0.0, 0.0, 0.0]

child1 before mutation
[0.012941241931756959, 0.00024359839364005787, 4.013301733371566e-06, 0.07421068157106551, -0.7837914689685228, 0.0, -3.220107894045933e-05, 0.0, 0.0, 0.0, 0.0]
child vector after mutation
[0.012941241931756959, 0.0003379483994787247, 1.6680835663845522e-05, 0.07421068157106551, -0.7837914689685228, -0.017349641234233673, 1.3127346964362045e-05, -0.04603665771223451, 0.0, -0.031143234498665785, -0.011705381118517731]

child2 before mutation
[0.01638298617226195, 0.0030635702720044717, -2.7317000867133107e-06, 0.07962663628793405, -0.7830587551243403, 0.0, -2.722021460814763e-05, 0.0, 0.0, 0.0, 0.0]
child vector after mutation
[0.0475367018136777, 0.0030635702720044717, -2.7317000867133107e-06, 0.07962663628793405, -2.9973737910403555, 0.0, -2.722021460814763e-05, 0.011927061988865853, 0.0, 0.0, -0.003350381567449788]


CHILD ARRAY OBTAINED
[[0.01678124953188423, 0.003323246701676515, -3.794272832952559e-06, 0.3625535149349204, 1.225294676142822, 0.0, -2.6113562014594957e-05, 0.0, 0.03331816906196766, 0.0, 0.0], [-0.04770238226522218, -0.0012906578866506285, 5.6517207297406724e-06, 0.07646970920273151, -0.7839624174234932, -0.0492922864792538, -6.0117435075394366e-05, 0.0, -0.02162778180473146, 0.0, 0.0], [-0.00727364672351756, -0.0006705216376701252, 4.093113030496024e-06, 0.2594117838653548, -0.7837869601253299, 0.0, -3.244074857927197e-05, 0.0, 0.0, 0.018418755634800693, 0.0], [0.013496345000588997, -0.003205160923937473, 4.3970854811960584e-06, 0.07663440341885724, -0.09742604129772256, 0.0, -3.413686994538146e-05, -0.034616953323970495, 0.03944021780856925, 0.0, 0.0], [0.01242569366183276, -0.0005579255716838113, 8.693979972538286e-06, 0.09566688017905377, -0.7839012241764411, 0.0, -5.373131327074359e-06, 0.0, 0.00466595990597133, 0.02361940455575688, -0.0239256302714309], [-0.009796693792892868, 0.01572810627138195, -3.742052331385074e-06, -0.12922306371039513, -0.7829489999164222, 0.0, -2.6474117336005852e-05, 0.0, 0.0, -0.04224665528029307, 0.01554757637330717], [0.01355856891258608, -0.000820508538587787, 4.4421565739393014e-06, 0.07691598795667134, -0.783832054686174, 0.0, -3.4388359984099316e-05, -0.022216095850614404, 0.0, 0.031067690125355638, 0.0], [0.01355856891258608, 0.001311284336876787, 4.4421565739393014e-06, 0.07691598795667134, -0.783832054686174, 0.0, 0.00012808987656466058, -0.037369893743321836, 0.0, 0.0, 0.0], [0.012941241931756959, 0.0003379483994787247, 1.6680835663845522e-05, 0.07421068157106551, -0.7837914689685228, -0.017349641234233673, 1.3127346964362045e-05, -0.04603665771223451, 0.0, -0.031143234498665785, -0.011705381118517731], [0.0475367018136777, 0.0030635702720044717, -2.7317000867133107e-06, 0.07962663628793405, -2.9973737910403555, 0.0, -2.722021460814763e-05, 0.011927061988865853, 0.0, 0.0, -0.003350381567449788]]

FITNESS ARRAY OF CHILD 
[2.6940637102305206e+23, 1.7972566492572288e+39, 1.9086505656503326e+26, 3.640545999691163e+23, 7.209761094209447e+29, 2.827998547303939e+29, 5.4269501315099864e+26, 1.4746295994447346e+20, 2.2266726936917412e+38, 1.4731382217394516e+28]
test error of child : 
[9.167317777972306e+22, 8.907865095809906e+38, 6.543013012636683e+25, 1.2404723338819928e+23, 2.4947822607109065e+29, 9.798331004198117e+28, 1.8604121805207354e+26, 4.991781054275286e+19, 1.1036122343812098e+38, 5.094068663214565e+27]
validation error of child : 
[1.77733193243329e+23, 9.064701396762383e+38, 1.254349264386664e+26, 2.40007366580917e+23, 4.714978833498541e+29, 1.8481654468841274e+29, 3.566537950989251e+26, 9.75451494017206e+19, 1.1230604593105314e+38, 9.63731355417995e+27]



