GENERATION : 7

POPULATION ARRAY : 
[[0.016307981472373258, 0.0030021156345732374, -2.5847086771511874e-06, 0.07950860832601615, -0.7830747228947925, 0.0, -2.7328760801102547e-05, 0.0, 0.0, 0.0, 0.0], [0.01355856891258608, 0.001136530642118993, 4.4421565739393014e-06, 0.07691598795667136, -0.7838320546861741, 0.0, -3.438835998409932e-05, 0.0, 0.0, 0.0, 0.0], [0.01355856891258608, 0.001136530642118993, 4.4421565739393014e-06, 0.07691598795667136, -0.7838320546861741, 0.0, -3.438835998409932e-05, 0.0, 0.0, 0.0, 0.0], [0.013016246631645651, 0.0003050530310712928, 3.866310323809442e-06, 0.07432870953298341, -0.7837755011980708, 0.0, -3.209253274750442e-05, 0.0, 0.0, 0.0, 0.0], [0.013287438227046927, -0.00044691995228115665, -2.379721629881549e-05, 0.05529762670858671, -0.7829175813266334, 0.0, -1.73687513807748e-05, 0.0, 0.0, 0.0, 0.0], [0.012399478308879473, -0.00020029228343453515, -2.2066542360957925e-05, 0.07335815824460225, 0.5358896229100995, 0.0, 0.0001132183391106484, 0.04391374763152704, 0.0, 0.0, 0.0], [0.012957560833584491, 0.00021507714608699077, 3.803996828795379e-06, 0.07404873486766587, -0.7837693814299935, 0.0, -3.184409660846827e-05, 0.04621926716111023, 0.04761744593636384, 0.0, 0.0], [0.019637467723628583, 0.006654592421719883, -1.1320952739063878e-05, 0.3440147311650662, -2.070393725596778, 0.0, 2.7911283590533748e-05, 0.0, 0.04906915488416512, -0.009851980523620497, 0.0], [0.013287438227046929, -0.00044691995228115665, 0.0001046041040671863, 0.05529762670858671, -3.3424594760282242, 0.0, -1.73687513807748e-05, 0.0, 0.0, -0.03879392143201811, 0.0], [0.01692474979513944, -0.011648331326234492, -3.79342820101046e-06, 0.08047915961439733, 2.020131521668501, 0.0, -2.643617868997071e-05, 0.0, 0.0, 0.027410488996611387, -0.03423867735779193]]

FITNESS ARRAY OF POPULATION : 
[424410731339.26685, 425173264115.19244, 425173264115.19244, 425226929066.0966, 425236238266.57776, 2.0371805065886872e+20, 5.723633663752767e+23, 4.401836903608528e+25, 8.467076161448252e+26, 1.4883244777765423e+30]
test error of parent : 
[297613273500.9022, 298002749959.32434, 298002749959.32434, 298060960541.379, 298309718490.8384, 6.895088799834071e+19, 1.9449256875249565e+23, 1.5178204390764076e+25, 2.9025842560507907e+26, 5.14934768533568e+29]
validation error of parent : 
[126797457838.36462, 127170514155.86812, 127170514155.86812, 127165968524.71758, 126926519775.73941, 1.3476716266052801e+20, 3.778707976227811e+23, 2.8840164645321197e+25, 5.564491905397461e+26, 9.733897092429742e+29]

CHILD ARRAY : 

Mating pool
parent 1 : [0.016307981472373258, 0.0030021156345732374, -2.5847086771511874e-06, 0.07950860832601615, -0.7830747228947925, 0.0, -2.7328760801102547e-05, 0.0, 0.0, 0.0, 0.0]
parent 2 : [0.01355856891258608, 0.001136530642118993, 4.4421565739393014e-06, 0.07691598795667136, -0.7838320546861741, 0.0, -3.438835998409932e-05, 0.0, 0.0, 0.0, 0.0]
child 1 : [0.01643213960562017, 0.0030863618308205206, -2.9020282693118236e-06, 0.07962568602835293, -0.7830405232614446, 0.0, -2.7009963008129574e-05, 0.0, 0.0, 0.0, 0.0]
child 2 : [0.013434410779339165, 0.0010522844458717092, 4.759476166099938e-06, 0.07679891025433457, -0.7838662543195218, 0.0, -3.470715777707229e-05, 0.0, 0.0, 0.0, 0.0]

child1 before mutation
[0.01643213960562017, 0.0030863618308205206, -2.9020282693118236e-06, 0.07962568602835293, -0.7830405232614446, 0.0, -2.7009963008129574e-05, 0.0, 0.0, 0.0, 0.0]
child vector after mutation
[0.01643213960562017, 0.0030863618308205206, -2.9020282693118236e-06, 0.303882522226849, -0.7197779153047925, 0.0, -2.7009963008129574e-05, 0.0, 0.03700185702808571, 0.0, 0.013227119840876905]

child2 before mutation
[0.013434410779339165, 0.0010522844458717092, 4.759476166099938e-06, 0.07679891025433457, -0.7838662543195218, 0.0, -3.470715777707229e-05, 0.0, 0.0, 0.0, 0.0]
child vector after mutation
[0.013434410779339165, 0.0010522844458717092, 4.759476166099938e-06, 0.07679891025433457, -2.6214776277192775, 0.0, -3.470715777707229e-05, -0.039548522156284065, -0.02200419495639403, 0.0, 0.02708021209402353]


Mating pool
parent 1 : [0.01355856891258608, 0.001136530642118993, 4.4421565739393014e-06, 0.07691598795667136, -0.7838320546861741, 0.0, -3.438835998409932e-05, 0.0, 0.0, 0.0, 0.0]
parent 2 : [0.01355856891258608, 0.001136530642118993, 4.4421565739393014e-06, 0.07691598795667136, -0.7838320546861741, 0.0, -3.438835998409932e-05, 0.0, 0.0, 0.0, 0.0]
child 1 : [0.01355856891258608, 0.0011365306421189931, 4.442156573939302e-06, 0.07691598795667137, -0.7838320546861741, 0.0, -3.438835998409932e-05, 0.0, 0.0, 0.0, 0.0]
child 2 : [0.01355856891258608, 0.0011365306421189931, 4.442156573939302e-06, 0.07691598795667137, -0.7838320546861741, 0.0, -3.438835998409932e-05, 0.0, 0.0, 0.0, 0.0]

child1 before mutation
[0.01355856891258608, 0.0011365306421189931, 4.442156573939302e-06, 0.07691598795667137, -0.7838320546861741, 0.0, -3.438835998409932e-05, 0.0, 0.0, 0.0, 0.0]
child vector after mutation
[0.01355856891258608, -0.004232508187281756, 2.9025664804127616e-06, 0.07691598795667137, -0.7838320546861741, 0.0, -3.438835998409932e-05, 0.0, 0.0, 0.0, -0.006290895953698618]

child2 before mutation
[0.01355856891258608, 0.0011365306421189931, 4.442156573939302e-06, 0.07691598795667137, -0.7838320546861741, 0.0, -3.438835998409932e-05, 0.0, 0.0, 0.0, 0.0]
child vector after mutation
[0.04613542283989585, 0.0034482153181258713, 4.442156573939302e-06, -0.04705957628044993, -0.019744876417778598, 0.03941640643315748, -3.438835998409932e-05, 0.0, 0.0, 0.0, 0.0]


Mating pool
parent 1 : [0.01355856891258608, 0.001136530642118993, 4.4421565739393014e-06, 0.07691598795667136, -0.7838320546861741, 0.0, -3.438835998409932e-05, 0.0, 0.0, 0.0, 0.0]
parent 2 : [0.013016246631645651, 0.0003050530310712928, 3.866310323809442e-06, 0.07432870953298341, -0.7837755011980708, 0.0, -3.209253274750442e-05, 0.0, 0.0, 0.0, 0.0]
child 1 : [0.013676619237040964, 0.00131752302471287, 4.567504248289097e-06, 0.0774791753234929, -0.7838443650002701, 0.0, -3.488810554074954e-05, 0.0, 0.0, 0.0, 0.0]
child 2 : [0.012898196307190767, 0.0001240606484774158, 3.7409626494596464e-06, 0.07376552216616189, -0.7837631908839748, 0.0, -3.15927871908542e-05, 0.0, 0.0, 0.0, 0.0]

child1 before mutation
[0.013676619237040964, 0.00131752302471287, 4.567504248289097e-06, 0.0774791753234929, -0.7838443650002701, 0.0, -3.488810554074954e-05, 0.0, 0.0, 0.0, 0.0]
child vector after mutation
[0.013676619237040964, 0.00131752302471287, 4.567504248289097e-06, 0.0774791753234929, -0.7838443650002701, 0.0, -3.488810554074954e-05, 0.0, 0.04351818224575621, 0.0, 0.0]

child2 before mutation
[0.012898196307190767, 0.0001240606484774158, 3.7409626494596464e-06, 0.07376552216616189, -0.7837631908839748, 0.0, -3.15927871908542e-05, 0.0, 0.0, 0.0, 0.0]
child vector after mutation
[0.01460468530786089, 0.0001240606484774158, 3.7409626494596464e-06, 0.30135597561589167, -0.7837631908839748, 0.0, -2.5638213663428825e-05, -0.03103720843582134, 0.0, 0.03700754221260817, 0.0]


Mating pool
parent 1 : [0.016307981472373258, 0.0030021156345732374, -2.5847086771511874e-06, 0.07950860832601615, -0.7830747228947925, 0.0, -2.7328760801102547e-05, 0.0, 0.0, 0.0, 0.0]
parent 2 : [0.01355856891258608, 0.001136530642118993, 4.4421565739393014e-06, 0.07691598795667136, -0.7838320546861741, 0.0, -3.438835998409932e-05, 0.0, 0.0, 0.0, 0.0]
child 1 : [0.016035819768066405, 0.0028174431708979666, -1.8891260459219858e-06, 0.07925196732980416, -0.7831496904402541, 0.0, -2.8027583732760494e-05, 0.0, 0.0, 0.0, 0.0]
child 2 : [0.013830730616892932, 0.0013212031057942642, 3.7465739427101e-06, 0.07717262895288335, -0.7837570871407126, 0.0, -3.368953705244137e-05, 0.0, 0.0, 0.0, 0.0]

child1 before mutation
[0.016035819768066405, 0.0028174431708979666, -1.8891260459219858e-06, 0.07925196732980416, -0.7831496904402541, 0.0, -2.8027583732760494e-05, 0.0, 0.0, 0.0, 0.0]
child vector after mutation
[-0.014150754005548147, 0.0028174431708979666, -1.8891260459219858e-06, 0.07925196732980416, -0.7831496904402541, -0.04543965230635495, -2.8027583732760494e-05, 0.0, -0.0316980327581355, 0.0, 0.0]

child2 before mutation
[0.013830730616892932, 0.0013212031057942642, 3.7465739427101e-06, 0.07717262895288335, -0.7837570871407126, 0.0, -3.368953705244137e-05, 0.0, 0.0, 0.0, 0.0]
child vector after mutation
[0.013830730616892932, -0.0027342805495935802, -3.6847033108115118e-06, -0.15157609372882544, -0.7837570871407126, 0.03143367834410064, -1.3997112127197206e-05, 0.0, 0.0, 0.0, 0.04985733121583806]


Mating pool
parent 1 : [0.016307981472373258, 0.0030021156345732374, -2.5847086771511874e-06, 0.07950860832601615, -0.7830747228947925, 0.0, -2.7328760801102547e-05, 0.0, 0.0, 0.0, 0.0]
parent 2 : [0.01355856891258608, 0.001136530642118993, 4.4421565739393014e-06, 0.07691598795667136, -0.7838320546861741, 0.0, -3.438835998409932e-05, 0.0, 0.0, 0.0, 0.0]
child 1 : [0.01946530015736076, 0.005144481040645292, -1.0654088034272758e-05, 0.0824858729442607, -0.782205032455956, 0.0, -1.922179106691191e-05, 0.0, 0.0, 0.0, 0.0]
child 2 : [0.010401250227598573, -0.0010058347639530611, 1.2511535931060872e-05, 0.07393872333842681, -0.7847017451250108, 0.0, -4.249532971828996e-05, 0.0, 0.0, 0.0, 0.0]

child1 before mutation
[0.01946530015736076, 0.005144481040645292, -1.0654088034272758e-05, 0.0824858729442607, -0.782205032455956, 0.0, -1.922179106691191e-05, 0.0, 0.0, 0.0, 0.0]
child vector after mutation
[0.01946530015736076, 0.005144481040645292, -1.0654088034272758e-05, 0.10851844174449143, -2.3711097694982644, 0.0, -1.922179106691191e-05, 0.0, 0.0, -0.045727344434061304, 0.0]

child2 before mutation
[0.010401250227598573, -0.0010058347639530611, 1.2511535931060872e-05, 0.07393872333842681, -0.7847017451250108, 0.0, -4.249532971828996e-05, 0.0, 0.0, 0.0, 0.0]
child vector after mutation
[0.010401250227598573, -0.0010058347639530611, 1.2511535931060872e-05, -0.2571063330066656, -0.7847017451250108, 0.0, -4.249532971828996e-05, 0.0, 0.046867306028321384, -0.034434135672963787, 0.023776416284496435]


CHILD ARRAY OBTAINED
[[0.01643213960562017, 0.0030863618308205206, -2.9020282693118236e-06, 0.303882522226849, -0.7197779153047925, 0.0, -2.7009963008129574e-05, 0.0, 0.03700185702808571, 0.0, 0.013227119840876905], [0.013434410779339165, 0.0010522844458717092, 4.759476166099938e-06, 0.07679891025433457, -2.6214776277192775, 0.0, -3.470715777707229e-05, -0.039548522156284065, -0.02200419495639403, 0.0, 0.02708021209402353], [0.01355856891258608, -0.004232508187281756, 2.9025664804127616e-06, 0.07691598795667137, -0.7838320546861741, 0.0, -3.438835998409932e-05, 0.0, 0.0, 0.0, -0.006290895953698618], [0.04613542283989585, 0.0034482153181258713, 4.442156573939302e-06, -0.04705957628044993, -0.019744876417778598, 0.03941640643315748, -3.438835998409932e-05, 0.0, 0.0, 0.0, 0.0], [0.013676619237040964, 0.00131752302471287, 4.567504248289097e-06, 0.0774791753234929, -0.7838443650002701, 0.0, -3.488810554074954e-05, 0.0, 0.04351818224575621, 0.0, 0.0], [0.01460468530786089, 0.0001240606484774158, 3.7409626494596464e-06, 0.30135597561589167, -0.7837631908839748, 0.0, -2.5638213663428825e-05, -0.03103720843582134, 0.0, 0.03700754221260817, 0.0], [-0.014150754005548147, 0.0028174431708979666, -1.8891260459219858e-06, 0.07925196732980416, -0.7831496904402541, -0.04543965230635495, -2.8027583732760494e-05, 0.0, -0.0316980327581355, 0.0, 0.0], [0.013830730616892932, -0.0027342805495935802, -3.6847033108115118e-06, -0.15157609372882544, -0.7837570871407126, 0.03143367834410064, -1.3997112127197206e-05, 0.0, 0.0, 0.0, 0.04985733121583806], [0.01946530015736076, 0.005144481040645292, -1.0654088034272758e-05, 0.10851844174449143, -2.3711097694982644, 0.0, -1.922179106691191e-05, 0.0, 0.0, -0.045727344434061304, 0.0], [0.010401250227598573, -0.0010058347639530611, 1.2511535931060872e-05, -0.2571063330066656, -0.7847017451250108, 0.0, -4.249532971828996e-05, 0.0, 0.046867306028321384, -0.034434135672963787, 0.023776416284496435]]

FITNESS ARRAY OF CHILD 
[2.301726303590995e+29, 9.617727797242576e+29, 5.194062145075458e+28, 1.1492280568897646e+39, 4.595969491196349e+23, 7.69966927677346e+26, 1.5272923413979486e+39, 7.309612505089979e+38, 1.1764079724494881e+27, 6.996367467214707e+29]
test error of child : 
[7.959121225708923e+28, 3.325798100757299e+29, 1.7960878306652942e+28, 5.695997019131934e+38, 1.5639098011656837e+23, 2.6395248701162665e+26, 7.569822667038195e+38, 3.622849512177866e+38, 4.032824603745992e+26, 2.4216975969287294e+29]
validation error of child : 
[1.5058141810201025e+29, 6.291929696485276e+29, 3.397974314410163e+28, 5.796283549765713e+38, 3.032059690030665e+23, 5.0601444066571934e+26, 7.703100746941291e+38, 3.686762992912112e+38, 7.731255120748889e+26, 4.5746698702859774e+29]



