GENERATION : 4

POPULATION ARRAY : 
[[0.016307981472373258, 0.0030021156345732374, -2.5847086771511874e-06, 0.07950860832601615, -0.7830747228947925, 0.0, -2.7328760801102547e-05, 0.0, 0.0, 0.0, 0.0], [0.01355856891258608, 0.001136530642118993, 4.4421565739393014e-06, 0.07691598795667136, -0.7838320546861741, 0.0, -3.438835998409932e-05, 0.0, 0.0, 0.0, 0.0], [0.01355856891258608, 0.001136530642118993, 4.4421565739393014e-06, 0.07691598795667136, -0.7838320546861741, 0.0, -3.438835998409932e-05, 0.0, 0.0, 0.0, 0.0], [0.013016246631645651, 0.0003050530310712928, 3.866310323809442e-06, 0.07432870953298341, -0.7837755011980708, 0.0, -3.209253274750442e-05, 0.0, 0.0, 0.0, 0.0], [0.013287438227046927, -0.00044691995228115665, -2.379721629881549e-05, 0.05529762670858671, -0.7829175813266334, 0.0, -1.73687513807748e-05, 0.0, 0.0, 0.0, 0.0], [0.04557507019534237, 0.00017452594018718697, 3.8663103238094425e-06, -0.3403217365731605, -0.7837755011980708, 0.0, 8.315457612122547e-05, 0.0, 0.0, 0.0, 0.0], [0.013296628294164831, -0.00047240260847348624, -2.473467037442462e-05, 0.0546527065434768, -0.7828885083710772, 0.0, -1.6869795877417915e-05, 0.0, 0.007290341436058001, 0.01288860460666666, 0.0], [0.01355856891258608, 0.001136530642118993, -7.709273323371196e-06, 0.07691598795667134, -0.7838320546861742, 0.0, -0.0001457826734378444, 0.0, 0.0, 0.0, -0.011415808517690973], [-0.04088550852193495, 0.00030505303107129284, -1.1741759287340575e-05, 0.07432870953298343, -0.7837755011980708, 0.0, -3.209253274750443e-05, 0.0, 0.0, 0.0, 0.015767137376915735], [0.01321544561065596, -0.0006433211487709797, -1.6453442767718204e-05, -0.2708328005666953, -0.7831453313647833, 0.007063403419643344, -2.1277440151866573e-05, 0.0, -0.012972515048372012, 0.0, 0.0]]

FITNESS ARRAY OF POPULATION : 
[424410731339.26685, 425173264115.19244, 425173264115.19244, 425226929066.0966, 425236238266.57776, 442595263005.58057, 9.5642921275993e+25, 1.710391333661673e+29, 3.262780351348048e+29, 3.690457115241147e+37]
test error of parent : 
[297613273500.9022, 298002749959.32434, 298002749959.32434, 298060960541.379, 298309718490.8384, 311390755559.07654, 3.2769698643172537e+25, 5.914471124556627e+28, 1.1282575958803052e+29, 1.8291263242363045e+37]
validation error of parent : 
[126797457838.36462, 127170514155.86812, 127170514155.86812, 127165968524.71758, 126926519775.73941, 131204507446.50406, 6.287322263282047e+25, 1.1189442212060105e+29, 2.134522755467743e+29, 1.8613307910048426e+37]

CHILD ARRAY : 

Mating pool
parent 1 : [0.01355856891258608, 0.001136530642118993, 4.4421565739393014e-06, 0.07691598795667136, -0.7838320546861741, 0.0, -3.438835998409932e-05, 0.0, 0.0, 0.0, 0.0]
parent 2 : [0.013287438227046927, -0.00044691995228115665, -2.379721629881549e-05, 0.05529762670858671, -0.7829175813266334, 0.0, -1.73687513807748e-05, 0.0, 0.0, 0.0, 0.0]
child 1 : [0.013585939033800464, 0.0012963769340263074, 7.2928669500390735e-06, 0.07909831994406638, -0.7839243690129284, 0.0, -3.610645673721327e-05, 0.0, 0.0, 0.0, 0.0]
child 2 : [0.013260068105832542, -0.000606766244188471, -2.6647926674915263e-05, 0.05311529472119169, -0.7828252669998791, 0.0, -1.565065462766085e-05, 0.0, 0.0, 0.0, 0.0]

child1 before mutation
[0.013585939033800464, 0.0012963769340263074, 7.2928669500390735e-06, 0.07909831994406638, -0.7839243690129284, 0.0, -3.610645673721327e-05, 0.0, 0.0, 0.0, 0.0]
child vector after mutation
[-0.02630461910588211, 0.0012963769340263074, 7.2928669500390735e-06, 0.026773229749340315, -0.7839243690129284, 0.0, -3.610645673721327e-05, 0.037492363298912784, 0.0, 0.03583299464399964, 0.0]

child2 before mutation
[0.013260068105832542, -0.000606766244188471, -2.6647926674915263e-05, 0.05311529472119169, -0.7828252669998791, 0.0, -1.565065462766085e-05, 0.0, 0.0, 0.0, 0.0]
child vector after mutation
[0.056871943662843594, -0.000606766244188471, -2.6647926674915263e-05, 0.05311529472119169, -0.7828252669998791, 0.04641435775684048, -3.820209146988305e-05, 0.0, 0.0, 0.0, 0.01584092812902646]


Mating pool
parent 1 : [0.016307981472373258, 0.0030021156345732374, -2.5847086771511874e-06, 0.07950860832601615, -0.7830747228947925, 0.0, -2.7328760801102547e-05, 0.0, 0.0, 0.0, 0.0]
parent 2 : [0.01355856891258608, 0.001136530642118993, 4.4421565739393014e-06, 0.07691598795667136, -0.7838320546861741, 0.0, -3.438835998409932e-05, 0.0, 0.0, 0.0, 0.0]
child 1 : [0.01608020076244526, 0.002847557428130353, -2.002553645610316e-06, 0.07929381738596572, -0.7831374655968573, 0.0, -2.791362774221909e-05, 0.0, 0.0, 0.0, 0.0]
child 2 : [0.013786349622514078, 0.0012910888485618776, 3.860001542398431e-06, 0.07713077889672179, -0.7837693119841094, 0.0, -3.3803493042982785e-05, 0.0, 0.0, 0.0, 0.0]

child1 before mutation
[0.01608020076244526, 0.002847557428130353, -2.002553645610316e-06, 0.07929381738596572, -0.7831374655968573, 0.0, -2.791362774221909e-05, 0.0, 0.0, 0.0, 0.0]
child vector after mutation
[0.01608020076244526, 0.002847557428130353, 5.551852320520866e-06, 0.3598865845824764, -0.7831374655968573, 0.0, -2.791362774221909e-05, 0.0, 0.0, -0.04025592497302924, 0.0]

child2 before mutation
[0.013786349622514078, 0.0012910888485618776, 3.860001542398431e-06, 0.07713077889672179, -0.7837693119841094, 0.0, -3.3803493042982785e-05, 0.0, 0.0, 0.0, 0.0]
child vector after mutation
[0.013786349622514078, 0.0012910888485618776, 3.860001542398431e-06, 0.07713077889672179, -0.7837693119841094, 0.0, -3.971130988042047e-05, 0.0, -0.024285868699501514, 0.0, 0.0]


Mating pool
parent 1 : [0.013287438227046927, -0.00044691995228115665, -2.379721629881549e-05, 0.05529762670858671, -0.7829175813266334, 0.0, -1.73687513807748e-05, 0.0, 0.0, 0.0, 0.0]
parent 2 : [0.013016246631645651, 0.0003050530310712928, 3.866310323809442e-06, 0.07432870953298341, -0.7837755011980708, 0.0, -3.209253274750442e-05, 0.0, 0.0, 0.0, 0.0]
child 1 : [0.013228446097221166, -0.00028334376256276654, -1.7779587501929152e-05, 0.059437445669570356, -0.7831042040734078, 0.0, -2.05716058815826e-05, 0.0, 0.0, 0.0, 0.0]
child 2 : [0.013075238761471411, 0.00014147684135290274, -2.151318473076896e-06, 0.07018889057199976, -0.7835888784512963, 0.0, -2.888967824669662e-05, 0.0, 0.0, 0.0, 0.0]

child1 before mutation
[0.013228446097221166, -0.00028334376256276654, -1.7779587501929152e-05, 0.059437445669570356, -0.7831042040734078, 0.0, -2.05716058815826e-05, 0.0, 0.0, 0.0, 0.0]
child vector after mutation
[0.013228446097221166, -0.00028334376256276654, -5.790132857860368e-05, -0.1680254977500037, -1.597366512869426, 0.024708893839327423, -2.05716058815826e-05, 0.049525319081136346, 0.0, 0.032722319608016026, 0.0]

child2 before mutation
[0.013075238761471411, 0.00014147684135290274, -2.151318473076896e-06, 0.07018889057199976, -0.7835888784512963, 0.0, -2.888967824669662e-05, 0.0, 0.0, 0.0, 0.0]
child vector after mutation
[-0.038924630914817154, -0.0003092560536085763, -2.151318473076896e-06, 0.07018889057199976, -0.1875498232440022, -0.005831429392988405, -2.888967824669662e-05, 0.0, 0.0405271452787878, -0.012197984267403948, 0.01465335354281376]


Mating pool
parent 1 : [0.016307981472373258, 0.0030021156345732374, -2.5847086771511874e-06, 0.07950860832601615, -0.7830747228947925, 0.0, -2.7328760801102547e-05, 0.0, 0.0, 0.0, 0.0]
parent 2 : [0.01355856891258608, 0.001136530642118993, 4.4421565739393014e-06, 0.07691598795667136, -0.7838320546861741, 0.0, -3.438835998409932e-05, 0.0, 0.0, 0.0, 0.0]
child 1 : [0.016282158190676792, 0.002984593518215197, -2.5187103168192357e-06, 0.0794842576821336, -0.7830818359750457, 0.0, -2.7395066608034915e-05, 0.0, 0.0, 0.0, 0.0]
child 2 : [0.013584392194282547, 0.001154052758477033, 4.37615821360735e-06, 0.07694033860055391, -0.783824941605921, 0.0, -3.432205417716695e-05, 0.0, 0.0, 0.0, 0.0]

child1 before mutation
[0.016282158190676792, 0.002984593518215197, -2.5187103168192357e-06, 0.0794842576821336, -0.7830818359750457, 0.0, -2.7395066608034915e-05, 0.0, 0.0, 0.0, 0.0]
child vector after mutation
[0.016282158190676792, 0.002984593518215197, -2.5187103168192357e-06, -0.24440309154873185, 3.3696502713042054, 0.0, -3.6131248854497103e-06, 0.0, 0.0, 0.03893884307918506, 0.001920326321257007]

child2 before mutation
[0.013584392194282547, 0.001154052758477033, 4.37615821360735e-06, 0.07694033860055391, -0.783824941605921, 0.0, -3.432205417716695e-05, 0.0, 0.0, 0.0, 0.0]
child vector after mutation
[0.013584392194282547, 0.001154052758477033, 4.37615821360735e-06, 0.07694033860055391, -3.620366225583747, -0.01663822362638697, -3.432205417716695e-05, 0.0, 0.0, 0.0, -0.027057338677069033]


Mating pool
parent 1 : [0.013287438227046927, -0.00044691995228115665, -2.379721629881549e-05, 0.05529762670858671, -0.7829175813266334, 0.0, -1.73687513807748e-05, 0.0, 0.0, 0.0, 0.0]
parent 2 : [0.013016246631645651, 0.0003050530310712928, 3.866310323809442e-06, 0.07432870953298341, -0.7837755011980708, 0.0, -3.209253274750442e-05, 0.0, 0.0, 0.0, 0.0]
child 1 : [0.013265143065768047, -0.0003850988662832794, -2.1522946748974097e-05, 0.05686220713097713, -0.782988112501723, 0.0, -1.85792206053851e-05, 0.0, 0.0, 0.0, 0.0]
child 2 : [0.01303854179292453, 0.00024323194507341552, 1.59204077396805e-06, 0.072764129110593, -0.7837049700229812, 0.0, -3.088206352289412e-05, 0.0, 0.0, 0.0, 0.0]

child1 before mutation
[0.013265143065768047, -0.0003850988662832794, -2.1522946748974097e-05, 0.05686220713097713, -0.782988112501723, 0.0, -1.85792206053851e-05, 0.0, 0.0, 0.0, 0.0]
child vector after mutation
[-0.02457150334098399, 0.0018392585562371072, 3.187674657512088e-05, 0.05686220713097713, -0.782988112501723, 0.0, -1.85792206053851e-05, 0.0, 0.01069672702708245, 0.0, 0.0]

child2 before mutation
[0.01303854179292453, 0.00024323194507341552, 1.59204077396805e-06, 0.072764129110593, -0.7837049700229812, 0.0, -3.088206352289412e-05, 0.0, 0.0, 0.0, 0.0]
child vector after mutation
[0.01303854179292453, 0.000504576962600043, 2.969768677436499e-06, 0.072764129110593, -3.3518565148843638, 0.0, -3.088206352289412e-05, 0.0, 0.0, 0.0, 0.0]


CHILD ARRAY OBTAINED
[[-0.02630461910588211, 0.0012963769340263074, 7.2928669500390735e-06, 0.026773229749340315, -0.7839243690129284, 0.0, -3.610645673721327e-05, 0.037492363298912784, 0.0, 0.03583299464399964, 0.0], [0.056871943662843594, -0.000606766244188471, -2.6647926674915263e-05, 0.05311529472119169, -0.7828252669998791, 0.04641435775684048, -3.820209146988305e-05, 0.0, 0.0, 0.0, 0.01584092812902646], [0.01608020076244526, 0.002847557428130353, 5.551852320520866e-06, 0.3598865845824764, -0.7831374655968573, 0.0, -2.791362774221909e-05, 0.0, 0.0, -0.04025592497302924, 0.0], [0.013786349622514078, 0.0012910888485618776, 3.860001542398431e-06, 0.07713077889672179, -0.7837693119841094, 0.0, -3.971130988042047e-05, 0.0, -0.024285868699501514, 0.0, 0.0], [0.013228446097221166, -0.00028334376256276654, -5.790132857860368e-05, -0.1680254977500037, -1.597366512869426, 0.024708893839327423, -2.05716058815826e-05, 0.049525319081136346, 0.0, 0.032722319608016026, 0.0], [-0.038924630914817154, -0.0003092560536085763, -2.151318473076896e-06, 0.07018889057199976, -0.1875498232440022, -0.005831429392988405, -2.888967824669662e-05, 0.0, 0.0405271452787878, -0.012197984267403948, 0.01465335354281376], [0.016282158190676792, 0.002984593518215197, -2.5187103168192357e-06, -0.24440309154873185, 3.3696502713042054, 0.0, -3.6131248854497103e-06, 0.0, 0.0, 0.03893884307918506, 0.001920326321257007], [0.013584392194282547, 0.001154052758477033, 4.37615821360735e-06, 0.07694033860055391, -3.620366225583747, -0.01663822362638697, -3.432205417716695e-05, 0.0, 0.0, 0.0, -0.027057338677069033], [-0.02457150334098399, 0.0018392585562371072, 3.187674657512088e-05, 0.05686220713097713, -0.782988112501723, 0.0, -1.85792206053851e-05, 0.0, 0.01069672702708245, 0.0, 0.0], [0.01303854179292453, 0.000504576962600043, 2.969768677436499e-06, 0.072764129110593, -3.3518565148843638, 0.0, -3.088206352289412e-05, 0.0, 0.0, 0.0, 0.0]]

FITNESS ARRAY OF CHILD 
[7.230427912847853e+26, 1.5935584524141453e+39, 9.117284409322123e+26, 1.4313435878328857e+23, 4.5160594870082894e+38, 2.5149043268721907e+37, 9.72958225861162e+27, 2.0479491488711793e+38, 2.776747650861195e+22, 66431677406103.11]
test error of child : 
[2.4786344207113435e+26, 7.898232199546654e+38, 3.1254811687642764e+26, 4.8705623128885846e+22, 2.2383245305330147e+38, 1.2465130726574584e+37, 3.339689207571802e+27, 1.0150207401317044e+38, 9.448661083550986e+21, 23436439087936.668]
validation error of child : 
[4.751793492136509e+26, 8.0373523245948e+38, 5.991803240557846e+26, 9.442873565440271e+22, 2.277734956475275e+38, 1.2683912542147323e+37, 6.389893051039818e+27, 1.0329284087394747e+38, 1.8318815425060965e+22, 42995238318166.445]



